1.6904296875
1.6904296875
1.6904296875
1.6904296875
1.68969726562
1.68969726562
1.68969726562
1.6904296875
1.6904296875
1.68969726562
1.68969726562
1.6904296875
1.6904296875
1.6904296875
1.69116210938
1.68969726562
1.6904296875
1.68969726562
1.69189453125
1.6904296875
1.6904296875
1.6904296875
1.69189453125
1.6904296875
1.69116210938
1.68969726562
1.6904296875
1.6904296875
1.68969726562
1.69116210938
1.6904296875
1.6904296875
1.6904296875
1.6904296875
1.6904296875
1.6904296875
1.69116210938
1.69116210938
1.6904296875
1.6904296875
1.70727539062
1.6904296875
1.69116210938
1.69116210938
1.69189453125
1.6904296875
1.69116210938
1.6904296875
1.69116210938
1.68969726562
1.69116210938
1.69116210938
1.6904296875
1.6904296875
1.6904296875
1.69116210938
1.69116210938
1.69116210938
1.69116210938
1.69262695312
1.6904296875
1.69116210938
1.6904296875
1.69116210938
1.6904296875
1.69116210938
1.72485351562
1.6904296875
1.69116210938
1.69116210938
1.69189453125
1.69116210938
1.6904296875
1.6904296875
1.69116210938
1.6904296875
1.69189453125
1.69555664062
1.69116210938
1.69116210938
1.6904296875
1.69189453125
1.69116210938
1.6904296875
1.6904296875
1.69116210938
1.69116210938
1.69116210938
1.69116210938
1.69116210938
1.69116210938
1.6904296875
1.70581054688
1.69189453125
1.6904296875
1.6904296875
1.69189453125
1.69189453125
1.6904296875
1.6904296875
1.69189453125
1.69116210938
1.6904296875
1.69116210938
1.69116210938
1.6904296875
1.6904296875
1.69189453125
1.69189453125
1.6904296875
1.69116210938
1.69116210938
1.69116210938
1.69116210938
1.6904296875
1.69116210938
1.69116210938
1.69116210938
1.69262695312
1.6904296875
1.69116210938
1.69116210938
1.69189453125
1.6904296875
1.69189453125
1.6904296875
1.69116210938
1.69189453125
1.6904296875
1.72778320312
1.69116210938
1.69116210938
1.6904296875
1.69262695312
1.69189453125
1.6904296875
1.69116210938
1.69262695312
1.69189453125
1.69116210938
1.693359375
1.69116210938
1.69189453125
1.6904296875
1.69262695312
1.69116210938
1.69189453125
1.69189453125
1.69116210938
1.69116210938
1.6904296875
1.69116210938
1.69116210938
1.69116210938
1.69116210938
1.69409179688
1.69116210938
1.69116210938
1.69116210938
1.69189453125
1.69116210938
1.69262695312
1.69116210938
1.69116210938
1.69116210938
1.69116210938
1.69189453125
1.69189453125
1.69116210938
1.6904296875
1.69262695312
1.69116210938
1.69189453125
1.69116210938
1.69189453125
1.69189453125
1.69116210938
1.69116210938
1.69116210938
1.6904296875
1.69116210938
1.69262695312
1.69116210938
1.69189453125
1.69116210938
1.69262695312
1.69116210938
1.69116210938
1.69116210938
1.69116210938
1.69116210938
1.69116210938
1.70654296875
1.69189453125
1.69189453125
1.69116210938
1.69262695312
1.69189453125
1.6904296875
1.69189453125
1.69189453125
1.69116210938
1.69116210938
1.6904296875
1.69189453125
1.69116210938
1.69116210938
1.69189453125
1.69189453125
1.69189453125
1.69189453125
1.69262695312
1.69116210938
1.69116210938
1.69116210938
1.69116210938
1.69189453125
1.69116210938
1.72412109375
1.69116210938
1.69189453125
1.69189453125
1.69262695312
1.69116210938
1.69189453125
1.69116210938
1.69189453125
1.69116210938
1.69116210938
1.69189453125
1.69189453125
1.69189453125
1.69189453125
1.69189453125
1.69189453125
1.69116210938
1.69189453125
1.69189453125
1.69262695312
1.69116210938
1.69116210938
1.69189453125
1.69189453125
1.69116210938
1.72485351562
1.69116210938
1.69189453125
1.69189453125
1.69262695312
1.69189453125
1.69189453125
1.69116210938
1.69189453125
1.69189453125
1.69189453125
1.69262695312
1.69189453125
1.69189453125
1.69189453125
1.69189453125
1.69262695312
1.69189453125
1.69116210938
1.69262695312
1.69116210938
1.69116210938
1.69189453125
1.69189453125
1.69116210938
1.69116210938
1.728515625
1.69189453125
1.69116210938
1.69116210938
1.69262695312
1.69262695312
1.69116210938
1.69116210938
1.69262695312
1.69189453125
1.69189453125
1.69116210938
1.69189453125
1.69189453125
1.69189453125
1.69262695312
1.69262695312
1.69189453125
1.69262695312
1.69262695312
1.69262695312
1.69189453125
1.69116210938
1.69262695312
1.69189453125
1.69116210938
1.71313476562
1.69189453125
1.69116210938
1.69116210938
1.69189453125
1.69189453125
1.6904296875
1.69189453125
1.69116210938
1.69116210938
1.69116210938
1.69262695312
1.69189453125
1.69189453125
1.69116210938
1.693359375
1.69189453125
1.69116210938
1.69189453125
1.69189453125
1.69262695312
1.69116210938
1.69189453125
1.69262695312
1.69189453125
1.69116210938
1.69262695312
1.69189453125
1.69189453125
1.69189453125
1.69189453125
1.69189453125
1.69116210938
1.69189453125
1.69189453125
1.69189453125
1.69116210938
1.70727539062
1.69189453125
1.69116210938
1.69189453125
1.69189453125
1.69189453125
1.69116210938
1.69116210938
1.69189453125
1.69189453125
1.69116210938
1.69116210938
1.69189453125
1.69116210938
1.69116210938
1.69189453125
1.69116210938
1.69116210938
1.69116210938
1.69189453125
1.69189453125
1.69189453125
1.69189453125
1.69189453125
1.69262695312
1.69262695312
1.7080078125
1.69189453125
1.69262695312
1.69189453125
1.69409179688
1.69189453125
1.69116210938
1.69116210938
1.69116210938
1.69189453125
1.69189453125
1.69116210938
1.69189453125
1.69116210938
1.69189453125
1.69262695312
1.69189453125
1.69262695312
1.69189453125
1.69262695312
1.69189453125
1.69189453125
1.69189453125
1.69262695312
1.69189453125
1.69116210938
1.72338867188
1.69262695312
1.69262695312
1.69189453125
1.693359375
1.69189453125
1.69189453125
1.69116210938
1.69189453125
1.69116210938
1.69189453125
1.69189453125
1.69189453125
1.69189453125
1.69189453125
1.69189453125
1.693359375
1.69189453125
1.69116210938
1.69189453125
1.69189453125
1.69189453125
1.69116210938
1.69116210938
1.69262695312
1.69116210938
1.693359375
1.69189453125
1.69189453125
1.69189453125
1.693359375
1.69189453125
1.69189453125
1.69189453125
1.69189453125
1.69189453125
1.69116210938
1.7080078125
1.69189453125
1.69116210938
1.69189453125
1.69262695312
1.69116210938
1.69189453125
1.69189453125
1.70288085938
1.69189453125
1.69189453125
1.6962890625
1.69189453125
1.69189453125
1.69189453125
1.69262695312
1.69189453125
1.69262695312
1.69116210938
1.69262695312
1.69262695312
1.69189453125
1.69189453125
1.69189453125
1.69116210938
1.69189453125
1.6962890625
1.69116210938
1.69262695312
1.69189453125
1.69262695312
1.69189453125
1.69116210938
1.69262695312
1.69262695312
1.69189453125
1.69189453125
1.69189453125
1.69262695312
1.69116210938
1.69189453125
1.693359375
1.69189453125
1.69189453125
1.69116210938
1.69262695312
1.69189453125
1.69189453125
1.69116210938
1.69189453125
1.69189453125
1.69189453125
1.69262695312
1.69262695312
1.69116210938
1.69189453125
1.69189453125
1.69262695312
1.69189453125
1.69116210938
1.69189453125
1.69189453125
1.69262695312
1.72705078125
1.69262695312
1.69116210938
1.69189453125
1.69262695312
1.69262695312
1.69189453125
1.69189453125
1.69189453125
1.69189453125
1.69189453125
1.69189453125
1.69116210938
1.69189453125
1.69189453125
1.69262695312
1.69189453125
1.69189453125
1.69189453125
1.69262695312
1.69262695312
1.69189453125
1.69189453125
1.69262695312
1.69189453125
1.69189453125
1.7138671875
1.69116210938
1.69189453125
1.69189453125
1.69189453125
1.69189453125
1.69189453125
1.69189453125
1.69189453125
1.69189453125
1.69116210938
1.69189453125
1.69262695312
1.69116210938
1.69189453125
1.69409179688
1.69189453125
1.69262695312
1.69189453125
1.69262695312
1.69189453125
1.69189453125
1.69262695312
1.69262695312
1.69189453125
1.69189453125
1.69262695312
1.69262695312
1.69189453125
1.69189453125
1.693359375
1.69189453125
1.69262695312
1.69189453125
1.69262695312
1.69189453125
1.69189453125
1.70727539062
1.69189453125
1.69189453125
1.69189453125
1.69262695312
1.69262695312
1.69189453125
1.69189453125
1.69189453125
1.69262695312
1.69189453125
1.69116210938
1.69116210938
1.69116210938
1.69189453125
1.69262695312
1.69262695312
1.69189453125
1.69262695312
1.69189453125
1.69116210938
1.69189453125
1.69262695312
1.69262695312
1.69189453125
1.69189453125
1.72924804688
1.69262695312
1.69189453125
1.69189453125
1.69262695312
1.693359375
1.69189453125
1.69189453125
1.69262695312
1.69189453125
1.69262695312
1.69555664062
1.69262695312
1.69189453125
1.69189453125
1.693359375
1.69189453125
1.69116210938
1.69189453125
1.69262695312
1.69116210938
1.69189453125
1.69116210938
1.69189453125
1.69189453125
1.69189453125
1.7021484375
1.693359375
1.69262695312
1.69189453125
1.69262695312
1.69189453125
1.69189453125
1.69189453125
1.69262695312
1.69189453125
1.69262695312
1.69189453125
1.69189453125
1.69189453125
1.69189453125
1.693359375
1.69262695312
1.69189453125
1.69189453125
1.693359375
1.69189453125
1.69189453125
1.69189453125
1.69189453125
1.69189453125
1.69116210938
1.69262695312
1.69189453125
1.69116210938
1.69189453125
1.69189453125
1.69189453125
1.69262695312
1.69189453125
1.69189453125
1.69189453125
1.69189453125
1.693359375
1.69262695312
1.69189453125
1.69189453125
1.693359375
1.69262695312
1.69262695312
1.69116210938
1.69189453125
1.69262695312
1.69262695312
1.69262695312
1.69262695312
1.69189453125
1.69262695312
1.693359375
1.69262695312
1.69189453125
1.69189453125
1.693359375
1.69189453125
1.69189453125
1.69116210938
1.69189453125
1.69189453125
1.69189453125
1.69409179688
1.69262695312
1.69116210938
1.69189453125
1.69262695312
1.69189453125
1.69262695312
1.69189453125
1.69262695312
1.69262695312
1.69189453125
1.70361328125
1.69189453125
1.69116210938
1.69262695312
1.693359375
1.693359375
1.69262695312
1.69116210938
1.69189453125
1.69262695312
1.69116210938
1.69189453125
1.69189453125
1.693359375
1.69189453125
1.693359375
1.69262695312
1.69262695312
1.69189453125
1.693359375
1.69189453125
1.69262695312
1.69189453125
1.69189453125
1.69189453125
1.69189453125
1.71020507812
1.69189453125
1.69189453125
1.69189453125
1.693359375
1.69189453125
1.69189453125
1.69189453125
1.69262695312
1.69189453125
1.69189453125
1.69189453125
1.69189453125
1.69189453125
1.69262695312
1.693359375
1.69262695312
1.69262695312
1.69189453125
1.69262695312
1.69189453125
1.69189453125
1.69189453125
1.69189453125
1.69262695312
1.69262695312
1.70874023438
1.69189453125
1.693359375
1.69262695312
1.693359375
1.69189453125
1.69189453125
1.69262695312
1.69189453125
1.69189453125
1.69189453125
1.69409179688
1.69262695312
1.69189453125
1.69189453125
1.69262695312
1.69262695312
1.69262695312
1.69262695312
1.69262695312
1.69189453125
1.69189453125
1.69189453125
1.69189453125
1.69189453125
1.69189453125
1.6962890625
1.69189453125
1.69189453125
1.69116210938
1.693359375
1.69189453125
1.69189453125
1.69189453125
1.69262695312
1.69262695312
1.69262695312
1.69189453125
1.69189453125
1.69189453125
1.69116210938
1.693359375
1.69262695312
1.69189453125
1.69189453125
1.693359375
1.69262695312
1.69189453125
1.69189453125
1.69189453125
1.69189453125
1.69262695312
1.693359375
1.69262695312
1.69189453125
1.69262695312
1.693359375
1.69189453125
1.69116210938
1.69189453125
1.69262695312
1.69189453125
1.69189453125
1.72485351562
1.69189453125
1.69262695312
1.69189453125
1.69409179688
1.69262695312
1.69116210938
1.69189453125
1.69262695312
1.69262695312
1.69189453125
1.693359375
1.693359375
1.69189453125
1.69189453125
1.69262695312
1.69262695312
1.69189453125
1.69189453125
1.69262695312
1.69189453125
1.69262695312
1.69262695312
1.69189453125
1.69189453125
1.69262695312
1.69262695312
1.69189453125
1.69189453125
1.69262695312
1.69262695312
1.69262695312
1.69262695312
1.69189453125
1.69189453125
1.69116210938
1.69262695312
1.70361328125
1.69262695312
1.69189453125
1.69262695312
1.693359375
1.69189453125
1.69262695312
1.69262695312
1.69189453125
1.69262695312
1.69189453125
1.69189453125
1.69262695312
1.69262695312
1.69116210938
1.693359375
1.69262695312
1.69262695312
1.69189453125
1.693359375
1.69189453125
1.69189453125
1.69262695312
1.69262695312
1.69189453125
1.693359375
1.70727539062
1.69189453125
1.69189453125
1.69189453125
1.69409179688
1.69189453125
1.69116210938
1.69189453125
1.69262695312
1.69189453125
1.69189453125
1.69262695312
1.69262695312
1.69189453125
1.69262695312
1.69116210938
1.69262695312
1.69189453125
1.69262695312
1.693359375
1.69262695312
1.69189453125
1.69189453125
1.69262695312
1.69189453125
1.69189453125
1.693359375
1.69262695312
1.69262695312
1.69189453125
1.69262695312
1.69189453125
1.69262695312
1.69262695312
1.69262695312
1.69189453125
1.69189453125
1.7021484375
1.69189453125
1.69189453125
1.69262695312
1.693359375
1.69189453125
1.69189453125
1.69189453125
1.693359375
1.69262695312
1.69189453125
1.69189453125
1.69262695312
1.69189453125
1.69262695312
1.69262695312
1.69262695312
1.69262695312
1.69189453125
1.69262695312
1.69262695312
1.69189453125
1.69262695312
1.69262695312
1.69262695312
1.69189453125
1.72412109375
1.69262695312
1.69189453125
1.69189453125
1.693359375
1.69189453125
1.69262695312
1.69116210938
1.69262695312
1.69262695312
1.69262695312
1.69848632812
1.69189453125
1.69189453125
1.69116210938
1.69262695312
1.69189453125
1.69189453125
1.693359375
1.69262695312
1.69189453125
1.69189453125
1.69189453125
1.69262695312
1.69189453125
1.69189453125
1.69482421875
1.69189453125
1.69189453125
1.69189453125
1.69262695312
1.69262695312
1.69189453125
1.69189453125
1.693359375
1.69189453125
1.69189453125
