1.828125
1.828125
1.89038085938
1.828125
1.82885742188
1.82666015625
1.83032226562
1.828125
1.828125
1.828125
1.82885742188
1.82885742188
1.82739257812
1.8310546875
1.828125
1.82739257812
1.828125
1.82666015625
1.828125
1.82885742188
1.82739257812
1.82885742188
1.82885742188
1.828125
1.828125
1.828125
1.82885742188
1.82666015625
1.828125
1.828125
1.82739257812
1.828125
1.82885742188
1.82885742188
1.828125
1.82739257812
1.828125
1.828125
1.828125
1.8310546875
1.82885742188
1.828125
1.828125
1.82885742188
1.82885742188
1.828125
1.82739257812
1.82958984375
1.82885742188
1.828125
1.83837890625
1.82885742188
1.82739257812
1.828125
1.83032226562
1.828125
1.82666015625
1.828125
1.82958984375
1.82739257812
1.828125
1.82739257812
1.828125
1.82885742188
1.828125
1.828125
1.82885742188
1.828125
1.828125
1.82958984375
1.828125
1.828125
1.82666015625
1.82958984375
1.828125
1.828125
1.86401367188
1.828125
1.82885742188
1.82739257812
1.82885742188
1.828125
1.828125
1.828125
1.82885742188
1.828125
1.828125
1.82885742188
1.82958984375
1.828125
1.82885742188
1.83032226562
1.828125
1.828125
1.82666015625
1.82958984375
1.828125
1.82666015625
1.828125
1.82739257812
1.828125
1.82739257812
1.82885742188
1.82958984375
1.828125
1.828125
1.82958984375
1.82739257812
1.82958984375
