2.99926757812
2.99926757812
2.99926757812
2.99926757812
2.99926757812
2.99926757812
2.99926757812
2.99926757812
2.99926757812
2.99926757812
2.99926757812
2.99926757812
2.99926757812
2.99926757812
2.99926757812
2.99926757812
2.99926757812
2.99926757812
2.99926757812
2.99926757812
2.99926757812
2.99926757812
2.99926757812
2.99926757812
2.99926757812
2.99926757812
2.99926757812
2.99926757812
2.99926757812
2.99926757812
2.99926757812
2.99926757812
2.99926757812
2.99926757812
2.99926757812
2.99926757812
2.99926757812
2.99926757812
2.99926757812
2.99926757812
2.99926757812
2.99926757812
2.99926757812
2.99926757812
2.99926757812
2.99926757812
2.99926757812
2.99926757812
2.99926757812
2.99926757812
2.99926757812
2.99926757812
2.99926757812
2.99926757812
2.99926757812
2.99926757812
2.99926757812
2.99926757812
2.99926757812
2.99926757812
2.99926757812
2.99926757812
2.99926757812
2.99926757812
2.99926757812
2.99926757812
2.99926757812
2.99926757812
2.99926757812
2.99926757812
2.99926757812
2.99926757812
2.99926757812
2.99926757812
2.99926757812
2.99926757812
2.99926757812
2.99926757812
2.99926757812
2.99926757812
2.99926757812
2.99926757812
2.99926757812
2.99926757812
2.99926757812
2.99926757812
2.99926757812
2.99926757812
