0.979248046875
0.9814453125
0.982177734375
0.982177734375
0.982177734375
0.982177734375
0.984375
0.984375
0.985107421875
0.98583984375
0.98583984375
0.986572265625
0.986572265625
0.9873046875
0.9873046875
0.9873046875
0.988037109375
0.98876953125
0.98876953125
0.98876953125
1.01293945312
0.989501953125
0.990234375
0.990234375
0.99169921875
0.99169921875
0.990234375
0.99169921875
0.992431640625
0.992431640625
0.99169921875
0.992431640625
0.992431640625
0.992431640625
0.992431640625
0.9931640625
0.9931640625
0.993896484375
0.993896484375
0.99462890625
0.99462890625
0.995361328125
0.99462890625
0.995361328125
0.995361328125
0.995361328125
1.0166015625
0.99609375
0.99609375
0.99609375
0.996826171875
0.996826171875
0.996826171875
0.996826171875
0.99755859375
0.99755859375
0.99755859375
0.998291015625
0.998291015625
0.998291015625
0.99755859375
0.9990234375
0.9990234375
0.9990234375
0.9990234375
0.999755859375
0.999755859375
0.999755859375
0.999755859375
1.00048828125
1.00048828125
1.00048828125
1.01293945312
1.00048828125
1.00048828125
1.00122070312
1.00122070312
1.00122070312
1.00048828125
1.00122070312
1.00048828125
1.00048828125
1.00048828125
1.00048828125
1.00048828125
0.999755859375
0.999755859375
0.999755859375
0.999755859375
0.999755859375
0.9990234375
0.999755859375
0.999755859375
0.999755859375
0.9990234375
1.00048828125
1.00048828125
0.999755859375
1.00048828125
0.999755859375
0.999755859375
0.999755859375
1.00122070312
0.999755859375
0.999755859375
1.00048828125
1.00048828125
1.00122070312
1.00048828125
1.025390625
1.00122070312
1.00122070312
1.00122070312
1.00268554688
1.00122070312
1.00122070312
1.001953125
1.00268554688
1.001953125
1.001953125
1.001953125
1.001953125
1.001953125
1.00268554688
1.00268554688
1.001953125
1.001953125
1.00268554688
1.00268554688
1.00268554688
1.00268554688
1.001953125
1.00268554688
1.00341796875
1.00341796875
1.02319335938
1.00268554688
1.00341796875
1.00268554688
1.00341796875
1.00341796875
1.00341796875
1.00341796875
1.00341796875
1.00341796875
1.00415039062
1.00341796875
1.00341796875
1.00415039062
1.00341796875
1.00415039062
1.00415039062
1.00341796875
1.00341796875
1.00415039062
1.00341796875
1.00341796875
1.00341796875
1.00268554688
1.001953125
1.00122070312
1.0224609375
1.001953125
1.00122070312
1.001953125
1.001953125
1.00048828125
1.00122070312
1.00122070312
1.00122070312
1.00048828125
1.00048828125
1.00415039062
1.00122070312
1.00122070312
1.00122070312
1.00122070312
1.00122070312
1.00122070312
1.00048828125
1.00048828125
1.00048828125
1.00048828125
0.999755859375
0.999755859375
0.9990234375
0.999755859375
1.00122070312
0.999755859375
0.999755859375
1.00048828125
1.00048828125
1.00048828125
1.00048828125
1.00122070312
1.00122070312
1.00122070312
1.001953125
1.00122070312
1.001953125
1.001953125
1.001953125
1.00268554688
1.001953125
1.001953125
1.001953125
1.00268554688
1.00268554688
1.001953125
1.00268554688
1.00268554688
1.001953125
1.001953125
1.001953125
1.00122070312
1.00048828125
1.00048828125
1.00048828125
1.00122070312
1.00048828125
1.00048828125
1.00122070312
1.00048828125
1.00048828125
1.00854492188
1.00048828125
1.00048828125
1.00122070312
1.00122070312
1.00122070312
1.001953125
1.00122070312
1.00122070312
1.00122070312
1.00122070312
1.00122070312
1.00048828125
1.00048828125
1.00122070312
1.001953125
1.001953125
1.00122070312
1.00122070312
1.00122070312
1.00122070312
1.001953125
1.001953125
1.001953125
1.00268554688
1.00341796875
1.02319335938
1.00268554688
1.00268554688
1.00268554688
1.00415039062
1.00341796875
1.00341796875
1.00268554688
1.00341796875
1.00341796875
1.00268554688
1.00341796875
1.00415039062
1.00268554688
1.00268554688
1.0048828125
1.001953125
1.00122070312
1.0107421875
1.00122070312
1.00122070312
1.001953125
1.00048828125
1.00122070312
1.00048828125
1.00048828125
1.02319335938
1.00048828125
1.00048828125
1.00122070312
1.001953125
1.00122070312
1.00048828125
1.00048828125
1.00048828125
1.00122070312
1.00048828125
1.00268554688
0.999755859375
0.9990234375
1.00122070312
1.00048828125
0.999755859375
1.00122070312
1.00048828125
0.999755859375
1.00122070312
1.00048828125
1.00122070312
1.00048828125
1.00048828125
1.00048828125
1.02026367188
1.00048828125
1.00122070312
1.00048828125
1.001953125
1.00122070312
1.00122070312
1.00122070312
0.999755859375
1.00048828125
1.00048828125
1.00048828125
0.999755859375
0.999755859375
0.9990234375
0.998291015625
0.998291015625
0.999755859375
0.999755859375
0.999755859375
0.9990234375
0.9990234375
0.9990234375
1.00048828125
0.999755859375
1.00048828125
1.00048828125
1.00048828125
0.999755859375
0.999755859375
0.999755859375
0.999755859375
0.999755859375
0.999755859375
0.9990234375
0.999755859375
0.999755859375
1.00927734375
0.9990234375
0.9990234375
0.999755859375
0.999755859375
0.9990234375
0.9990234375
0.9990234375
0.999755859375
0.9990234375
0.9990234375
0.9990234375
0.999755859375
0.9990234375
0.9990234375
0.999755859375
0.999755859375
1.00048828125
0.999755859375
1.00048828125
1.00048828125
0.999755859375
0.999755859375
0.999755859375
1.00122070312
0.999755859375
1.01147460938
1.00048828125
1.00122070312
0.999755859375
1.00048828125
1.00048828125
1.00048828125
1.00122070312
1.00048828125
1.00048828125
0.999755859375
1.00048828125
1.00122070312
1.00122070312
1.00048828125
1.00048828125
1.00122070312
1.00048828125
1.00048828125
1.00122070312
1.00048828125
1.00048828125
1.00048828125
1.00122070312
1.001953125
1.00048828125
1.001953125
1.00048828125
1.00048828125
1.00122070312
1.00122070312
1.00122070312
1.00122070312
1.00048828125
1.00048828125
1.00048828125
1.00122070312
1.00122070312
1.00122070312
1.00048828125
1.00122070312
1.00122070312
1.00122070312
1.00122070312
1.00048828125
1.00122070312
1.00048828125
1.00122070312
1.00122070312
1.001953125
1.00122070312
1.00122070312
1.00048828125
1.00122070312
1.00122070312
1.00048828125
1.00122070312
0.999755859375
1.00048828125
0.999755859375
0.9990234375
0.9990234375
0.99755859375
0.99755859375
0.998291015625
0.99755859375
0.996826171875
0.998291015625
0.996826171875
0.996826171875
0.99609375
0.99609375
0.996826171875
0.99609375
0.99609375
0.99609375
0.996826171875
0.99609375
0.99609375
0.995361328125
0.99462890625
0.995361328125
0.99609375
0.99609375
0.995361328125
0.995361328125
0.99462890625
0.995361328125
0.995361328125
0.99462890625
0.99462890625
0.99462890625
0.99462890625
0.995361328125
0.993896484375
0.993896484375
0.993896484375
0.99462890625
0.995361328125
0.99462890625
0.99462890625
0.99462890625
0.99462890625
0.993896484375
0.99462890625
0.99462890625
0.99462890625
0.99462890625
0.99462890625
0.993896484375
0.993896484375
0.99462890625
0.99462890625
0.99462890625
0.995361328125
0.995361328125
0.99462890625
0.995361328125
0.995361328125
0.995361328125
0.995361328125
0.995361328125
0.995361328125
0.995361328125
0.995361328125
0.99462890625
0.995361328125
0.995361328125
0.995361328125
0.995361328125
0.999755859375
0.99609375
0.995361328125
0.995361328125
0.995361328125
0.99462890625
0.995361328125
0.99462890625
0.995361328125
0.99462890625
0.99462890625
0.995361328125
0.995361328125
0.99462890625
0.99462890625
0.99462890625
0.99462890625
0.99462890625
0.993896484375
0.995361328125
0.99462890625
0.993896484375
0.99462890625
0.99462890625
0.99462890625
0.993896484375
0.993896484375
0.99462890625
0.993896484375
