0.97119140625
0.97119140625
0.97265625
0.97265625
0.97412109375
0.97412109375
0.97412109375
0.974853515625
0.9755859375
0.973388671875
0.974853515625
0.976318359375
0.976318359375
0.977783203125
0.977783203125
0.978515625
0.979248046875
0.97998046875
0.980712890625
0.9814453125
0.982177734375
0.982177734375
0.98291015625
0.984375
1.01806640625
0.98583984375
0.98583984375
0.986572265625
0.9873046875
0.9873046875
0.988037109375
0.988037109375
0.98876953125
0.990234375
0.990234375
0.990234375
0.990234375
0.990234375
0.990234375
0.990234375
0.990966796875
0.990966796875
0.992431640625
0.9931640625
0.9931640625
0.9931640625
0.993896484375
0.993896484375
0.993896484375
0.9931640625
1.00854492188
0.9931640625
0.992431640625
0.992431640625
0.993896484375
0.9931640625
0.9931640625
0.9931640625
0.993896484375
0.993896484375
0.99462890625
0.993896484375
0.993896484375
0.99462890625
0.993896484375
0.99462890625
0.993896484375
0.99462890625
0.99462890625
0.99609375
0.995361328125
0.995361328125
0.996826171875
0.99609375
0.996826171875
0.99609375
0.996826171875
0.99755859375
0.996826171875
0.998291015625
0.998291015625
0.99755859375
0.9990234375
0.9990234375
0.9990234375
0.9990234375
1.00048828125
1.00122070312
1.00048828125
0.999755859375
1.00122070312
0.999755859375
0.999755859375
0.999755859375
0.9990234375
0.999755859375
0.999755859375
0.999755859375
0.999755859375
1.00122070312
1.00122070312
1.00048828125
1.03125
1.00122070312
1.00048828125
1.00122070312
1.001953125
1.00048828125
1.00122070312
1.001953125
1.00122070312
1.00122070312
1.001953125
1.00122070312
1.00122070312
1.00048828125
1.00048828125
1.00122070312
1.00048828125
1.00122070312
1.00122070312
1.00122070312
1.00048828125
1.00122070312
1.001953125
1.00122070312
1.00122070312
1.00122070312
1.013671875
1.00122070312
1.00122070312
1.00122070312
1.00268554688
1.001953125
1.00268554688
1.001953125
1.001953125
1.00268554688
1.00268554688
1.00341796875
1.00341796875
1.00415039062
1.00268554688
1.00341796875
1.00415039062
1.00415039062
1.00415039062
1.00415039062
1.00415039062
1.00415039062
1.0048828125
1.0048828125
1.0048828125
1.00415039062
1.0224609375
1.0048828125
1.0048828125
1.0048828125
1.0048828125
1.00561523438
1.00561523438
1.00561523438
1.00561523438
1.0048828125
1.00561523438
1.00561523438
1.00415039062
1.00268554688
1.00341796875
1.00268554688
1.00268554688
1.00268554688
1.00268554688
1.00341796875
1.00341796875
1.00341796875
1.00341796875
1.00341796875
1.00341796875
1.00415039062
1.00415039062
1.00341796875
1.00415039062
1.00415039062
1.00415039062
1.00341796875
1.00341796875
1.00341796875
1.00341796875
1.00341796875
1.00268554688
1.013671875
1.00268554688
1.00415039062
1.00415039062
1.00341796875
1.00341796875
1.00341796875
1.00341796875
1.00415039062
1.00341796875
1.00341796875
1.00341796875
1.00341796875
1.00415039062
1.0048828125
1.00415039062
1.00634765625
1.00634765625
1.00634765625
1.0078125
1.00708007812
1.0078125
1.00708007812
1.00634765625
1.00708007812
1.00634765625
1.03857421875
1.00634765625
1.00708007812
1.00708007812
1.00708007812
1.00708007812
1.00708007812
1.00634765625
1.0078125
1.0078125
1.0078125
1.00854492188
1.00854492188
1.00854492188
1.00854492188
1.0078125
1.00854492188
1.00854492188
1.0078125
1.00854492188
1.0078125
1.00854492188
1.0078125
1.00854492188
1.0078125
1.00854492188
1.037109375
1.0078125
1.00927734375
1.0078125
1.00927734375
1.00854492188
1.00854492188
1.00927734375
1.01000976562
1.00927734375
1.0078125
1.00634765625
1.00634765625
1.00634765625
1.00561523438
1.00561523438
1.0048828125
1.0048828125
1.00415039062
1.0048828125
1.00415039062
1.00415039062
1.00415039062
1.00415039062
1.00415039062
1.00415039062
1.03491210938
1.00341796875
1.00415039062
1.00341796875
1.0048828125
1.00415039062
1.0048828125
1.0048828125
1.0048828125
1.0048828125
1.0048828125
1.0048828125
1.0048828125
1.0048828125
1.00268554688
1.00268554688
1.001953125
1.00122070312
1.001953125
1.00122070312
0.999755859375
1.00048828125
1.00048828125
0.998291015625
0.998291015625
0.998291015625
1.02172851562
0.999755859375
0.998291015625
0.998291015625
0.9990234375
0.998291015625
0.99755859375
0.998291015625
0.995361328125
0.996826171875
0.998291015625
0.998291015625
0.998291015625
0.9990234375
0.998291015625
0.999755859375
0.999755859375
0.999755859375
0.999755859375
1.00048828125
1.00048828125
1.00048828125
1.00048828125
0.999755859375
1.00048828125
1.00048828125
1.00048828125
1.00048828125
0.9990234375
0.999755859375
1.00122070312
1.00048828125
1.00048828125
1.00048828125
0.999755859375
1.00048828125
0.999755859375
1.00048828125
0.9990234375
0.999755859375
0.998291015625
0.9990234375
0.998291015625
0.998291015625
0.998291015625
0.9990234375
0.9990234375
0.998291015625
0.9990234375
0.9990234375
0.998291015625
0.998291015625
0.9990234375
0.998291015625
0.998291015625
0.998291015625
0.9990234375
0.99755859375
0.998291015625
0.996826171875
0.998291015625
0.998291015625
0.998291015625
1.01806640625
0.998291015625
0.998291015625
0.9990234375
0.999755859375
0.998291015625
0.998291015625
0.9990234375
0.9990234375
0.998291015625
0.998291015625
0.998291015625
0.99755859375
0.99609375
0.99462890625
0.9990234375
0.992431640625
0.99609375
0.993896484375
0.99462890625
0.9931640625
0.992431640625
0.99169921875
0.992431640625
0.992431640625
0.992431640625
0.990966796875
0.99169921875
0.992431640625
0.992431640625
0.993896484375
0.993896484375
0.993896484375
0.99462890625
0.99462890625
0.99462890625
0.995361328125
1.00122070312
0.995361328125
0.99609375
0.995361328125
0.99609375
0.995361328125
0.99462890625
0.995361328125
0.99609375
0.99609375
0.995361328125
0.995361328125
0.995361328125
0.995361328125
0.99462890625
0.993896484375
0.9931640625
0.993896484375
0.992431640625
0.9931640625
0.9931640625
0.993896484375
0.99462890625
0.993896484375
0.99462890625
0.995361328125
1.00854492188
0.995361328125
0.99462890625
0.995361328125
0.99609375
0.995361328125
0.995361328125
0.99462890625
0.99462890625
0.993896484375
0.993896484375
0.99462890625
0.995361328125
0.99462890625
0.99462890625
0.99462890625
0.99462890625
0.995361328125
0.99462890625
0.995361328125
0.99462890625
0.995361328125
0.995361328125
0.99462890625
0.995361328125
0.995361328125
1.00854492188
0.99462890625
0.99462890625
0.99462890625
0.99609375
0.995361328125
0.99462890625
0.99462890625
0.993896484375
0.993896484375
0.993896484375
0.9931640625
0.9931640625
0.9931640625
0.99169921875
0.9931640625
0.992431640625
0.992431640625
0.9931640625
0.9931640625
0.992431640625
0.99169921875
0.990966796875
0.99169921875
0.99169921875
0.992431640625
1.00048828125
0.992431640625
0.992431640625
0.992431640625
0.992431640625
0.99169921875
0.992431640625
0.99169921875
0.992431640625
0.990234375
0.990234375
0.990234375
0.990234375
0.990234375
0.990234375
0.990234375
0.990234375
0.990234375
0.990966796875
0.990966796875
0.990234375
0.990234375
0.990234375
0.989501953125
0.989501953125
0.98876953125
1.00048828125
0.985107421875
0.984375
0.982177734375
0.97998046875
0.978515625
0.97705078125
0.976318359375
0.974853515625
0.97265625
0.967529296875
0.967529296875
0.966064453125
0.9638671875
0.96240234375
0.960205078125
0.95947265625
0.955078125
0.952880859375
0.95361328125
0.95361328125
0.952880859375
0.95068359375
0.951416015625
0.95068359375
0.94921875
0.9609375
0.9462890625
0.94482421875
0.94482421875
0.944091796875
0.942626953125
0.941162109375
0.941162109375
0.9404296875
0.9375
0.93603515625
0.93603515625
0.933837890625
0.9287109375
0.917724609375
0.910400390625
0.903076171875
0.894287109375
0.888427734375
0.890625
0.891357421875
0.892822265625
0.89208984375
0.8876953125
0.88330078125
0.881103515625
0.88916015625
0.875244140625
0.875244140625
0.876708984375
0.876708984375
0.875244140625
0.87451171875
0.873046875
0.873779296875
0.87451171875
0.87451171875
0.87451171875
0.872314453125
0.869384765625
0.866455078125
0.864990234375
0.863525390625
0.863525390625
0.8642578125
0.863525390625
0.857666015625
0.85400390625
0.85400390625
0.851806640625
0.84814453125
0.8466796875
0.844482421875
0.84375
0.84375
0.834228515625
0.831298828125
0.8291015625
0.828369140625
0.829833984375
0.829833984375
0.8291015625
0.828369140625
0.822509765625
0.81591796875
0.807861328125
0.80126953125
0.797607421875
0.793212890625
0.78076171875
0.769775390625
0.755126953125
0.7412109375
0.72802734375
0.71923828125
0.712646484375
0.70166015625
0.684814453125
0.66943359375
0.65771484375
0.64892578125
0.643798828125
0.643798828125
0.64306640625
0.64306640625
0.6416015625
0.64306640625
0.642333984375
0.6416015625
0.642333984375
0.640869140625
0.6416015625
0.642333984375
0.642333984375
0.64013671875
0.640869140625
0.6416015625
0.6416015625
0.6416015625
0.639404296875
0.633544921875
0.624755859375
0.6181640625
0.615234375
0.613037109375
0.611572265625
0.611572265625
0.611572265625
0.613037109375
0.6123046875
0.6123046875
0.61083984375
0.610107421875
0.61083984375
0.609375
0.615966796875
0.6064453125
0.6064453125
0.607177734375
0.611572265625
0.611572265625
0.611572265625
0.6123046875
0.613037109375
0.613037109375
0.6123046875
0.611572265625
0.61083984375
0.61083984375
0.610107421875
0.609375
0.604248046875
0.601318359375
0.59765625
0.59765625
0.598388671875
0.59765625
0.598388671875
0.596923828125
0.596923828125
0.59765625
0.609375
0.6005859375
0.6005859375
0.60205078125
0.602783203125
0.602783203125
0.603515625
0.603515625
0.603515625
0.603515625
0.603515625
0.603515625
0.603515625
0.602783203125
0.602783203125
0.603515625
0.602783203125
0.60205078125
0.601318359375
0.60205078125
0.60205078125
0.602783203125
0.602783203125
0.601318359375
0.59765625
0.595458984375
0.59619140625
0.59619140625
0.596923828125
0.596923828125
0.59765625
0.596923828125
0.59619140625
0.59619140625
0.59619140625
0.59619140625
0.596923828125
0.596923828125
0.596923828125
0.59765625
0.59765625
0.596923828125
0.59619140625
0.595458984375
0.5947265625
0.595458984375
0.595458984375
0.595458984375
0.5947265625
0.593994140625
0.592529296875
0.591064453125
0.59033203125
0.588134765625
0.58740234375
0.58740234375
0.5859375
0.5859375
0.586669921875
0.588134765625
0.588134765625
0.588134765625
0.588134765625
0.588134765625
0.588134765625
0.58740234375
0.588134765625
0.5888671875
0.5888671875
0.59033203125
0.591064453125
0.592529296875
0.592529296875
0.59326171875
0.593994140625
0.595458984375
0.5947265625
0.595458984375
0.5947265625
0.595458984375
0.595458984375
0.59619140625
0.59765625
0.59765625
0.59765625
0.596923828125
0.59765625
0.598388671875
0.598388671875
0.59912109375
0.599853515625
0.59912109375
0.599853515625
0.599853515625
0.6005859375
0.6005859375
0.60205078125
0.603515625
0.602783203125
0.603515625
0.603515625
0.602783203125
0.602783203125
0.602783203125
0.604248046875
0.60205078125
0.601318359375
0.601318359375
0.601318359375
0.6005859375
0.601318359375
0.6005859375
0.601318359375
0.60205078125
0.60205078125
0.60205078125
0.60205078125
0.602783203125
0.603515625
0.604248046875
0.60498046875
0.60498046875
0.605712890625
0.607177734375
0.60791015625
0.607177734375
0.607177734375
0.6064453125
0.60498046875
0.604248046875
0.604248046875
0.603515625
0.604248046875
0.603515625
0.604248046875
0.60498046875
0.6064453125
0.607177734375
0.609375
0.609375
0.61083984375
0.61669921875
0.6123046875
0.6123046875
0.613037109375
0.61376953125
0.613037109375
0.61376953125
0.61376953125
0.614501953125
0.615234375
0.614501953125
0.615234375
0.615966796875
0.615966796875
0.61669921875
0.6181640625
0.618896484375
0.618896484375
0.61962890625
0.61962890625
0.61962890625
0.61962890625
0.61962890625
0.618896484375
0.6181640625
0.6181640625
0.62255859375
0.6181640625
0.617431640625
0.617431640625
0.617431640625
0.617431640625
0.617431640625
0.61669921875
0.617431640625
0.617431640625
0.617431640625
0.617431640625
0.6181640625
0.6181640625
0.6181640625
0.617431640625
0.6181640625
0.618896484375
0.61962890625
0.62109375
0.62109375
0.62109375
0.621826171875
0.62255859375
0.623291015625
0.6240234375
0.632080078125
0.624755859375
0.624755859375
0.626953125
0.626953125
0.627685546875
0.627685546875
0.629150390625
0.629150390625
0.6298828125
0.6298828125
0.63134765625
0.63134765625
0.63134765625
0.632080078125
0.632080078125
0.632080078125
0.632080078125
0.632080078125
0.6328125
0.632080078125
0.63134765625
0.632080078125
0.6328125
0.6328125
0.6328125
0.638671875
0.6328125
0.63427734375
0.635009765625
0.636474609375
0.63720703125
0.63720703125
0.637939453125
0.638671875
0.639404296875
0.64013671875
0.640869140625
0.6416015625
0.6416015625
0.64306640625
0.64306640625
0.64306640625
0.643798828125
0.643798828125
0.643798828125
0.643798828125
0.64306640625
0.64306640625
0.643798828125
0.64306640625
0.643798828125
0.649658203125
0.64306640625
0.64306640625
0.64306640625
0.64306640625
0.643798828125
0.64453125
0.643798828125
0.643798828125
0.64453125
0.64453125
0.64599609375
0.64453125
0.64453125
0.643798828125
0.645263671875
0.645263671875
0.645263671875
0.64599609375
0.64599609375
0.64599609375
0.645263671875
0.64599609375
0.646728515625
0.64599609375
0.64599609375
0.654052734375
0.645263671875
0.64599609375
0.64599609375
0.64599609375
0.64599609375
0.645263671875
0.645263671875
0.64453125
0.643798828125
0.643798828125
0.64453125
0.64453125
0.64453125
0.64453125
0.64453125
0.64453125
0.645263671875
0.645263671875
0.645263671875
0.645263671875
0.64453125
0.64453125
0.64453125
0.643798828125
0.643798828125
0.652587890625
0.64453125
0.643798828125
0.643798828125
0.64453125
0.643798828125
0.64453125
0.645263671875
0.64599609375
0.64599609375
0.64599609375
0.646728515625
0.646728515625
0.6474609375
0.646728515625
0.6474609375
0.64892578125
0.648193359375
0.649658203125
0.649658203125
0.650390625
0.650390625
0.651123046875
0.650390625
0.651123046875
0.65185546875
0.656982421875
0.652587890625
0.652587890625
0.654052734375
0.65625
0.65625
0.656982421875
0.65771484375
0.658447265625
0.658447265625
0.658447265625
0.658447265625
0.658447265625
0.658447265625
0.658447265625
0.6591796875
0.6591796875
0.658447265625
0.6591796875
0.6591796875
0.658447265625
0.658447265625
0.6591796875
0.6591796875
0.6591796875
0.659912109375
0.667236328125
0.66064453125
0.661376953125
0.661376953125
0.662841796875
0.662841796875
0.66357421875
0.66357421875
0.664306640625
0.6650390625
0.6650390625
0.66650390625
0.6650390625
0.665771484375
0.66650390625
0.667236328125
0.667236328125
0.667236328125
0.66796875
0.668701171875
0.668701171875
0.670166015625
0.670166015625
0.6708984375
0.671630859375
0.67236328125
0.680419921875
0.67236328125
0.67236328125
0.67236328125
0.673095703125
0.67236328125
0.673828125
0.673095703125
0.673095703125
0.673828125
0.674560546875
0.674560546875
0.67529296875
0.67529296875
0.676025390625
0.676025390625
0.676025390625
0.6767578125
0.6767578125
0.678955078125
0.678955078125
0.6796875
0.680419921875
0.680419921875
0.681884765625
0.681884765625
0.69873046875
0.681884765625
0.6826171875
0.683349609375
0.684814453125
0.684814453125
0.685546875
0.685546875
0.685546875
0.68701171875
0.686279296875
0.686279296875
0.687744140625
0.687744140625
0.68701171875
0.6884765625
0.6884765625
0.6884765625
0.68994140625
0.68994140625
0.68994140625
0.690673828125
0.690673828125
0.69140625
0.69140625
0.69140625
0.692138671875
0.692138671875
0.692138671875
0.693603515625
0.69287109375
0.693603515625
0.693603515625
0.6943359375
0.6943359375
0.6943359375
0.695068359375
0.703857421875
0.69580078125
0.696533203125
0.696533203125
0.696533203125
0.696533203125
0.696533203125
0.696533203125
0.697265625
0.697265625
0.697998046875
0.697998046875
0.69873046875
0.69873046875
0.69873046875
0.7001953125
0.699462890625
0.7001953125
0.7001953125
0.7001953125
0.699462890625
0.700927734375
0.700927734375
0.700927734375
0.700927734375
0.700927734375
0.718505859375
0.70166015625
0.700927734375
0.700927734375
0.70166015625
0.70166015625
0.70166015625
0.702392578125
0.70166015625
0.703125
0.703125
0.703125
0.703125
0.703125
0.702392578125
0.703125
0.703125
0.703125
0.702392578125
0.703125
0.703857421875
0.703125
0.703857421875
0.70458984375
0.70458984375
0.705322265625
0.705322265625
0.705322265625
0.70458984375
0.705322265625
0.7060546875
0.7060546875
0.7060546875
0.7060546875
0.706787109375
0.706787109375
0.706787109375
0.71484375
0.70751953125
0.708251953125
0.708251953125
0.708984375
0.708984375
0.708984375
0.709716796875
0.709716796875
0.709716796875
0.71044921875
0.71044921875
0.709716796875
0.709716796875
0.71044921875
0.709716796875
0.71044921875
0.71044921875
0.709716796875
0.711181640625
0.711181640625
0.7119140625
0.7119140625
0.712646484375
0.712646484375
0.712646484375
0.71337890625
0.71337890625
0.714111328125
0.71337890625
0.71484375
0.71484375
0.715576171875
0.715576171875
0.715576171875
0.715576171875
0.71630859375
0.71630859375
0.717041015625
0.7177734375
0.7177734375
0.718505859375
0.718505859375
0.718505859375
0.718505859375
0.71923828125
0.71923828125
0.71923828125
0.719970703125
0.720703125
0.719970703125
0.720703125
0.73095703125
0.721435546875
0.72216796875
0.722900390625
0.7236328125
0.7236328125
0.724365234375
0.7236328125
0.72509765625
0.72509765625
0.72509765625
0.72509765625
0.725830078125
0.72509765625
0.7265625
0.725830078125
0.727294921875
0.727294921875
0.7265625
0.727294921875
0.727294921875
0.72802734375
0.72802734375
0.72802734375
0.72802734375
0.72802734375
0.73681640625
0.72802734375
0.72802734375
0.72802734375
0.728759765625
0.728759765625
0.728759765625
0.7294921875
0.7294921875
0.7294921875
0.7294921875
0.730224609375
0.730224609375
0.73095703125
0.73095703125
0.731689453125
0.73095703125
0.731689453125
0.731689453125
0.732421875
0.733154296875
0.733154296875
0.73388671875
0.734619140625
0.734619140625
0.734619140625
0.7529296875
0.736083984375
0.736083984375
0.736083984375
0.73681640625
0.737548828125
0.73681640625
0.737548828125
0.73828125
0.73828125
0.73828125
0.7412109375
0.73828125
0.739013671875
0.73974609375
0.73974609375
0.740478515625
0.740478515625
0.7412109375
0.741943359375
0.741943359375
0.741943359375
0.741943359375
0.74267578125
0.7412109375
0.7412109375
0.7412109375
0.741943359375
0.741943359375
0.741943359375
0.74267578125
0.74267578125
0.743408203125
0.743408203125
0.744140625
0.744140625
0.744140625
0.744140625
0.744873046875
0.744873046875
0.74560546875
0.746337890625
0.74560546875
0.746337890625
0.7470703125
0.7470703125
0.746337890625
0.7470703125
0.747802734375
0.747802734375
0.747802734375
0.747802734375
0.74853515625
0.74853515625
0.74853515625
0.74853515625
0.749267578125
0.749267578125
0.749267578125
0.75
0.75
0.749267578125
0.750732421875
0.750732421875
0.750732421875
0.750732421875
0.75146484375
0.752197265625
0.752197265625
0.752197265625
0.752197265625
0.7529296875
0.753662109375
0.753662109375
0.75439453125
0.75439453125
0.755126953125
0.755126953125
0.756591796875
0.75732421875
0.75732421875
0.7587890625
0.7587890625
0.7587890625
0.76025390625
0.76025390625
0.76025390625
0.76025390625
0.760986328125
0.76171875
0.76171875
0.76318359375
0.762451171875
0.763916015625
0.763916015625
0.763916015625
0.7646484375
0.7646484375
0.765380859375
0.765380859375
0.77490234375
0.765380859375
0.765380859375
0.76611328125
0.766845703125
0.766845703125
0.76611328125
0.766845703125
0.767578125
0.766845703125
0.766845703125
0.766845703125
0.767578125
0.767578125
0.768310546875
0.768310546875
0.768310546875
0.767578125
0.767578125
0.768310546875
0.768310546875
0.768310546875
0.768310546875
0.768310546875
0.76904296875
0.76904296875
0.787353515625
0.769775390625
0.769775390625
0.7705078125
0.7705078125
0.7705078125
0.7705078125
0.769775390625
0.771240234375
0.7705078125
0.7705078125
0.7705078125
0.7705078125
0.7705078125
0.771240234375
0.771240234375
0.77197265625
0.77197265625
0.77197265625
0.772705078125
0.772705078125
0.771240234375
0.772705078125
0.772705078125
0.772705078125
0.77197265625
0.790283203125
0.77197265625
0.772705078125
0.772705078125
0.772705078125
0.7734375
0.774169921875
0.774169921875
0.774169921875
0.774169921875
0.7734375
0.77490234375
0.774169921875
0.774169921875
0.7734375
0.7734375
0.774169921875
0.774169921875
0.774169921875
0.774169921875
0.774169921875
0.774169921875
0.7734375
0.77490234375
0.77490234375
0.77490234375
0.775634765625
0.77490234375
0.77490234375
0.77490234375
0.77490234375
0.774169921875
0.77490234375
0.77490234375
0.77490234375
0.774169921875
0.7734375
0.784423828125
0.774169921875
0.7734375
0.7734375
0.7734375
0.7734375
0.7734375
0.7734375
0.7734375
0.7734375
0.774169921875
0.77490234375
0.774169921875
0.774169921875
0.774169921875
0.77490234375
0.77490234375
0.77490234375
0.775634765625
0.775634765625
0.775634765625
0.77490234375
0.77490234375
0.77490234375
0.775634765625
0.775634765625
0.777099609375
0.775634765625
0.77490234375
0.77490234375
0.77490234375
0.775634765625
0.775634765625
0.775634765625
0.774169921875
0.774169921875
0.7734375
0.774169921875
0.7734375
0.774169921875
0.7734375
0.774169921875
0.774169921875
0.774169921875
0.774169921875
0.774169921875
0.77490234375
0.774169921875
0.77490234375
0.77490234375
0.775634765625
0.775634765625
0.775634765625
0.7763671875
0.775634765625
0.77490234375
0.775634765625
0.77490234375
0.77490234375
0.775634765625
0.775634765625
0.77490234375
0.774169921875
0.77490234375
0.77490234375
0.775634765625
0.77490234375
0.775634765625
0.77490234375
0.77490234375
0.775634765625
0.775634765625
0.77490234375
0.775634765625
0.775634765625
0.77490234375
0.775634765625
0.775634765625
0.775634765625
0.775634765625
0.775634765625
0.775634765625
0.7763671875
0.7763671875
0.7763671875
0.7763671875
0.775634765625
0.775634765625
0.777099609375
0.785888671875
0.777099609375
0.7763671875
0.777099609375
0.77783203125
0.777099609375
0.777099609375
0.7763671875
0.777099609375
0.777099609375
0.77783203125
0.777099609375
0.77783203125
0.778564453125
0.77783203125
0.778564453125
0.778564453125
0.778564453125
0.778564453125
0.779296875
0.779296875
0.779296875
0.779296875
0.779296875
0.779296875
0.779296875
0.784423828125
0.780029296875
0.779296875
0.780029296875
0.78076171875
0.780029296875
0.78076171875
0.78076171875
0.781494140625
0.781494140625
0.781494140625
0.781494140625
0.781494140625
0.781494140625
0.7822265625
0.7822265625
0.7822265625
0.7822265625
0.7822265625
0.782958984375
0.782958984375
0.782958984375
0.782958984375
0.78369140625
0.78369140625
0.78369140625
0.784423828125
0.784423828125
0.78369140625
0.78515625
0.78515625
0.78515625
0.78515625
0.78515625
0.785888671875
0.78515625
0.785888671875
0.788818359375
0.78662109375
0.78662109375
0.78662109375
0.78662109375
0.78662109375
0.78662109375
0.787353515625
0.787353515625
0.78662109375
0.787353515625
0.78662109375
0.787353515625
0.787353515625
0.78662109375
0.787353515625
0.78662109375
0.787353515625
0.78662109375
0.787353515625
0.78662109375
0.78662109375
0.78662109375
0.787353515625
0.787353515625
0.78662109375
0.8056640625
0.787353515625
0.787353515625
0.78662109375
0.787353515625
0.787353515625
0.787353515625
0.78662109375
0.787353515625
0.787353515625
0.787353515625
0.791015625
0.787353515625
0.787353515625
0.787353515625
0.7880859375
0.7880859375
0.7880859375
0.7880859375
0.7880859375
0.788818359375
0.7880859375
0.788818359375
0.788818359375
0.788818359375
0.7880859375
0.800537109375
0.788818359375
0.788818359375
0.7880859375
0.788818359375
0.788818359375
0.7880859375
0.7880859375
0.7880859375
0.7880859375
0.788818359375
0.78955078125
0.788818359375
0.7880859375
0.7880859375
0.788818359375
0.7880859375
0.7880859375
0.7880859375
0.7880859375
0.787353515625
0.788818359375
0.7880859375
0.7880859375
0.787353515625
0.7880859375
0.788818359375
0.7880859375
0.788818359375
0.78955078125
0.788818359375
0.788818359375
0.7880859375
0.7880859375
0.788818359375
0.788818359375
0.78955078125
0.790283203125
0.78955078125
0.790283203125
0.790283203125
0.791015625
0.791015625
0.791015625
0.790283203125
0.791015625
0.791015625
0.791015625
0.791748046875
0.791748046875
0.791748046875
0.791748046875
0.79248046875
0.79248046875
0.791748046875
0.79248046875
0.793212890625
0.79248046875
0.79248046875
0.79248046875
0.793212890625
0.79248046875
0.793212890625
0.804931640625
0.7939453125
0.793212890625
0.7939453125
0.7939453125
0.794677734375
0.7939453125
0.794677734375
0.79541015625
0.79541015625
0.794677734375
0.794677734375
0.794677734375
0.794677734375
0.794677734375
0.794677734375
0.794677734375
0.79541015625
0.79541015625
0.796142578125
0.79541015625
0.796875
0.79541015625
0.796142578125
0.796875
0.796875
0.797607421875
0.79541015625
0.79541015625
0.794677734375
0.793212890625
0.79248046875
0.79248046875
0.79248046875
0.79248046875
0.793212890625
0.791748046875
0.791748046875
0.791748046875
0.791748046875
0.79248046875
0.79248046875
0.79248046875
0.791748046875
0.791748046875
0.79248046875
0.79248046875
0.79248046875
0.791748046875
0.79248046875
0.791748046875
0.791748046875
0.79248046875
0.79248046875
0.79248046875
0.79248046875
0.79248046875
0.79248046875
0.79248046875
0.79248046875
0.793212890625
0.793212890625
0.7939453125
0.796875
0.793212890625
0.7939453125
0.793212890625
0.7939453125
0.793212890625
0.7939453125
0.7939453125
0.7939453125
0.794677734375
0.7939453125
0.7939453125
0.794677734375
0.7939453125
0.7939453125
0.794677734375
0.794677734375
0.7939453125
0.794677734375
0.794677734375
0.794677734375
0.794677734375
0.794677734375
0.794677734375
0.794677734375
0.794677734375
0.81591796875
0.794677734375
0.79541015625
0.794677734375
0.79541015625
0.7939453125
0.794677734375
0.794677734375
0.7939453125
0.7939453125
0.7939453125
0.793212890625
0.7939453125
0.7939453125
0.7939453125
0.7939453125
0.7939453125
0.7939453125
0.794677734375
0.794677734375
0.794677734375
0.7939453125
0.794677734375
0.794677734375
0.7939453125
0.7939453125
0.81591796875
0.7939453125
0.7939453125
0.794677734375
0.794677734375
0.7939453125
0.7939453125
0.794677734375
0.794677734375
0.7939453125
0.7939453125
0.794677734375
0.794677734375
0.79541015625
0.79541015625
0.79541015625
0.79541015625
0.79541015625
0.79541015625
0.796875
0.796142578125
0.79541015625
0.79541015625
0.796875
0.796875
0.797607421875
0.810791015625
0.796875
0.796875
0.797607421875
0.797607421875
0.797607421875
0.797607421875
0.797607421875
0.797607421875
0.797607421875
0.796875
0.79833984375
0.797607421875
0.797607421875
0.79833984375
0.799072265625
0.797607421875
0.797607421875
0.796875
0.797607421875
0.797607421875
0.796875
0.79833984375
0.79833984375
0.797607421875
0.796875
0.80419921875
0.797607421875
0.797607421875
0.796875
0.79833984375
0.796875
0.796875
0.796875
0.796875
0.796875
0.796875
0.796875
0.796875
0.796875
0.796875
0.796875
0.796875
0.796875
0.796875
0.796875
0.797607421875
0.796875
0.796875
0.797607421875
0.796875
0.796875
0.797607421875
0.796875
0.797607421875
0.797607421875
0.797607421875
0.797607421875
0.797607421875
0.797607421875
0.796875
0.794677734375
0.7939453125
0.79248046875
0.790283203125
0.78955078125
0.78955078125
0.78955078125
0.790283203125
0.790283203125
0.791015625
0.790283203125
0.788818359375
0.78955078125
0.788818359375
0.78955078125
0.78955078125
0.790283203125
0.790283203125
0.791015625
0.791015625
0.791015625
0.791748046875
0.791015625
0.791015625
0.791748046875
0.79248046875
0.791748046875
0.791015625
0.80126953125
0.791015625
0.791748046875
0.791748046875
0.790283203125
0.791015625
0.791015625
0.790283203125
0.791015625
0.790283203125
0.790283203125
0.790283203125
0.790283203125
0.790283203125
0.790283203125
0.791015625
0.790283203125
0.790283203125
0.78955078125
0.78955078125
0.78955078125
0.78955078125
0.788818359375
0.788818359375
0.788818359375
0.788818359375
0.799072265625
0.7880859375
0.788818359375
0.788818359375
0.78955078125
0.788818359375
0.7880859375
0.7880859375
0.788818359375
0.788818359375
0.788818359375
0.791748046875
0.788818359375
0.7880859375
0.788818359375
0.78955078125
0.788818359375
0.788818359375
0.788818359375
0.788818359375
0.7880859375
0.7880859375
0.78955078125
0.790283203125
0.790283203125
0.791015625
0.8056640625
0.791015625
0.791748046875
0.791748046875
0.79248046875
0.791748046875
0.79248046875
0.79248046875
0.793212890625
0.793212890625
0.793212890625
0.7939453125
0.7939453125
0.7939453125
0.7939453125
0.79541015625
0.794677734375
0.794677734375
0.794677734375
0.794677734375
0.794677734375
0.7939453125
0.794677734375
0.794677734375
0.794677734375
0.7939453125
0.794677734375
0.7939453125
0.794677734375
0.794677734375
0.7939453125
0.7939453125
0.794677734375
0.7939453125
0.7939453125
0.7939453125
0.7939453125
0.802734375
0.7939453125
0.7939453125
0.7939453125
0.794677734375
0.794677734375
0.7939453125
0.7939453125
0.794677734375
0.794677734375
0.794677734375
0.797607421875
0.7939453125
0.7939453125
0.7939453125
0.794677734375
0.794677734375
0.7939453125
0.7939453125
0.7939453125
0.794677734375
0.794677734375
0.7939453125
0.794677734375
0.794677734375
0.794677734375
0.8056640625
0.794677734375
0.794677734375
0.794677734375
0.794677734375
0.794677734375
0.7939453125
0.794677734375
0.794677734375
0.7939453125
0.794677734375
0.794677734375
0.794677734375
0.794677734375
0.794677734375
0.79541015625
0.794677734375
0.7939453125
0.7939453125
0.794677734375
0.7939453125
0.7939453125
0.7939453125
0.7939453125
0.7939453125
0.794677734375
0.794677734375
0.7939453125
0.7939453125
0.793212890625
0.7939453125
0.7939453125
0.793212890625
0.793212890625
0.793212890625
0.793212890625
0.7939453125
0.80126953125
0.793212890625
0.793212890625
0.7939453125
0.7939453125
0.793212890625
0.793212890625
0.793212890625
0.793212890625
0.7939453125
0.7939453125
0.7939453125
0.793212890625
0.791748046875
0.793212890625
0.79248046875
0.793212890625
0.793212890625
0.793212890625
0.7939453125
0.7939453125
0.7939453125
0.79248046875
0.793212890625
0.793212890625
0.793212890625
0.80126953125
0.794677734375
0.7939453125
0.7939453125
0.7939453125
0.794677734375
0.79541015625
0.794677734375
0.79541015625
0.794677734375
0.79541015625
0.79541015625
0.79541015625
0.79541015625
0.79541015625
0.79541015625
0.79541015625
0.79541015625
0.79541015625
0.796142578125
0.796142578125
0.79541015625
0.79541015625
0.796875
0.796875
0.796142578125
0.816650390625
0.796875
0.796875
0.796875
0.797607421875
0.797607421875
0.796875
0.796875
0.79833984375
0.797607421875
0.797607421875
0.797607421875
0.79833984375
0.79833984375
0.79833984375
0.79833984375
0.79833984375
0.79833984375
0.799072265625
0.799072265625
0.79833984375
0.79833984375
0.79833984375
0.79833984375
0.79833984375
0.79833984375
0.8115234375
0.79833984375
0.797607421875
0.79833984375
0.79833984375
0.79833984375
0.79833984375
0.797607421875
0.79833984375
0.79833984375
0.79833984375
0.799072265625
0.79833984375
0.799072265625
0.799072265625
0.799072265625
0.799072265625
0.799072265625
0.79833984375
0.799072265625
0.799072265625
0.799072265625
0.799072265625
0.799072265625
0.799072265625
0.7998046875
0.7998046875
0.799072265625
0.7998046875
0.7998046875
0.7998046875
0.7998046875
0.7998046875
0.7998046875
0.7998046875
0.800537109375
0.800537109375
0.809326171875
0.800537109375
0.7998046875
0.800537109375
0.80126953125
0.80126953125
0.800537109375
0.80126953125
0.80126953125
0.800537109375
0.802001953125
0.80126953125
0.80126953125
0.802001953125
0.80126953125
0.802001953125
0.802734375
0.802001953125
0.802001953125
0.802734375
0.802001953125
0.802001953125
0.802001953125
0.802734375
0.802001953125
0.802001953125
0.802001953125
0.802001953125
0.802001953125
0.802001953125
0.802734375
0.802001953125
0.802001953125
0.802734375
0.802734375
0.802001953125
0.802001953125
0.802001953125
0.802001953125
0.80126953125
0.802001953125
0.802001953125
0.802001953125
0.80126953125
0.802001953125
0.80126953125
0.800537109375
0.80126953125
0.800537109375
0.80126953125
0.800537109375
0.80126953125
0.80859375
0.802001953125
0.802001953125
0.80126953125
0.802001953125
0.80126953125
0.80126953125
0.800537109375
0.800537109375
0.7998046875
0.7998046875
0.7998046875
0.7998046875
0.799072265625
0.799072265625
0.7998046875
0.799072265625
0.799072265625
0.79833984375
0.7998046875
0.799072265625
0.799072265625
0.799072265625
0.799072265625
0.79833984375
0.799072265625
0.80712890625
0.799072265625
0.79833984375
0.79833984375
0.79833984375
0.79833984375
0.797607421875
0.79833984375
0.799072265625
0.797607421875
0.79833984375
0.79833984375
0.79833984375
0.79833984375
0.79833984375
0.79833984375
0.799072265625
0.799072265625
0.799072265625
0.799072265625
0.799072265625
0.79833984375
0.799072265625
0.79833984375
0.79833984375
0.79833984375
0.80712890625
0.799072265625
0.79833984375
0.79833984375
0.799072265625
0.79833984375
0.799072265625
0.79833984375
0.799072265625
0.79833984375
0.79833984375
0.79833984375
0.79833984375
0.79833984375
0.79833984375
0.79833984375
0.797607421875
0.79833984375
0.79833984375
0.79833984375
0.79833984375
0.79833984375
0.79833984375
0.79833984375
0.79833984375
0.79833984375
0.80419921875
0.797607421875
0.797607421875
0.796875
0.797607421875
0.796875
0.796142578125
0.79541015625
0.79541015625
0.794677734375
0.794677734375
0.79541015625
0.79541015625
0.794677734375
0.794677734375
0.794677734375
0.794677734375
0.7939453125
0.7939453125
0.793212890625
0.7939453125
0.793212890625
0.793212890625
0.793212890625
0.793212890625
0.7939453125
0.793212890625
0.79248046875
0.79248046875
0.79248046875
0.79248046875
0.791748046875
0.79248046875
0.791748046875
0.79248046875
0.791748046875
0.791748046875
0.799072265625
0.791748046875
0.79248046875
0.79248046875
0.79248046875
0.79248046875
0.793212890625
0.793212890625
0.79248046875
0.79248046875
0.79248046875
0.791748046875
0.791748046875
0.791015625
0.791748046875
0.79248046875
0.79248046875
0.79248046875
0.79248046875
0.79248046875
0.793212890625
0.79248046875
0.793212890625
0.793212890625
0.7939453125
0.793212890625
0.81298828125
0.793212890625
0.793212890625
0.793212890625
0.7939453125
0.7939453125
0.793212890625
0.793212890625
0.7939453125
0.793212890625
0.7939453125
0.794677734375
0.7939453125
0.794677734375
0.794677734375
0.794677734375
0.794677734375
0.794677734375
0.79541015625
0.794677734375
0.794677734375
0.794677734375
0.79541015625
0.79541015625
0.79541015625
0.79541015625
0.79541015625
0.79541015625
0.79541015625
0.79541015625
0.79541015625
0.79541015625
0.796875
0.79541015625
0.797607421875
0.796875
0.796875
0.813720703125
0.796142578125
0.796875
0.79541015625
0.79541015625
0.796142578125
0.796142578125
0.796875
0.796142578125
0.796142578125
0.796875
0.79541015625
0.794677734375
0.79541015625
0.7939453125
0.7939453125
0.7939453125
0.7939453125
0.7939453125
0.794677734375
0.794677734375
0.794677734375
0.794677734375
0.794677734375
0.7939453125
0.7939453125
0.804931640625
0.794677734375
0.794677734375
0.794677734375
0.79541015625
0.794677734375
0.79541015625
0.79541015625
0.796142578125
0.79541015625
0.794677734375
0.79541015625
0.79541015625
0.79541015625
0.794677734375
0.79541015625
0.79541015625
0.794677734375
0.794677734375
0.794677734375
0.79541015625
0.7939453125
0.794677734375
0.794677734375
0.794677734375
0.794677734375
0.7939453125
0.794677734375
0.794677734375
0.79541015625
0.79541015625
0.79541015625
0.79541015625
0.79541015625
0.794677734375
0.79541015625
0.796142578125
0.8056640625
0.79541015625
0.79541015625
0.79541015625
0.796875
0.796142578125
0.796875
0.796875
0.796875
0.79833984375
0.797607421875
0.797607421875
0.797607421875
0.797607421875
0.79833984375
0.799072265625
0.79833984375
0.799072265625
0.79833984375
0.79833984375
0.79833984375
0.79833984375
0.79833984375
0.79833984375
0.79833984375
0.79833984375
0.81005859375
0.799072265625
0.799072265625
0.799072265625
0.799072265625
0.7998046875
0.7998046875
0.799072265625
0.799072265625
0.7998046875
0.7998046875
0.7998046875
0.7998046875
0.800537109375
0.7998046875
0.800537109375
0.7998046875
0.7998046875
0.800537109375
0.7998046875
0.799072265625
0.799072265625
0.7998046875
0.7998046875
0.7998046875
0.7998046875
0.800537109375
0.7998046875
0.799072265625
0.799072265625
0.7998046875
0.799072265625
0.799072265625
0.799072265625
0.799072265625
0.7998046875
0.7998046875
0.800537109375
0.7998046875
0.799072265625
0.7998046875
0.7998046875
0.7998046875
0.7998046875
0.799072265625
0.799072265625
0.7998046875
0.7998046875
0.7998046875
0.7998046875
0.7998046875
0.7998046875
0.800537109375
0.800537109375
0.7998046875
0.7998046875
0.800537109375
0.7998046875
0.7998046875
0.800537109375
0.7998046875
0.800537109375
0.800537109375
0.80859375
0.80126953125
0.800537109375
0.800537109375
0.800537109375
0.80126953125
0.800537109375
0.80126953125
0.80126953125
0.800537109375
0.800537109375
0.800537109375
0.80126953125
0.80126953125
0.800537109375
0.80126953125
0.80126953125
0.80126953125
0.80126953125
0.802001953125
0.80126953125
0.80126953125
0.802001953125
0.80126953125
0.802734375
0.802001953125
0.8115234375
0.802734375
0.802001953125
0.80126953125
0.802001953125
0.802001953125
0.802734375
0.802734375
0.803466796875
0.802734375
0.803466796875
0.80419921875
0.803466796875
0.803466796875
0.803466796875
0.803466796875
0.80419921875
0.8041