1.81713867188
1.81640625
1.81640625
1.81640625
1.81713867188
1.81713867188
1.81713867188
1.81640625
1.81640625
1.81713867188
1.81567382812
1.81787109375
1.81787109375
1.81640625
1.81640625
1.81713867188
1.81640625
1.81640625
1.85668945312
1.81787109375
1.81713867188
1.81640625
1.81787109375
1.81787109375
1.81640625
1.81640625
1.81860351562
1.81640625
1.81713867188
1.82006835938
1.81640625
1.81787109375
1.81640625
1.81640625
1.81640625
1.81567382812
1.81640625
1.81787109375
1.81640625
1.81640625
1.81567382812
1.81713867188
1.81567382812
1.81640625
1.84936523438
1.81640625
1.81567382812
1.81567382812
1.81860351562
1.81640625
1.81494140625
1.81567382812
1.81713867188
1.81640625
1.81494140625
1.81640625
1.81713867188
1.81567382812
1.81640625
1.81860351562
1.81640625
1.81567382812
1.81567382812
1.81713867188
1.81640625
1.81567382812
1.81567382812
1.81640625
1.81640625
1.81567382812
1.81640625
1.81640625
1.81567382812
1.81640625
1.81640625
1.81640625
1.81567382812
1.81494140625
1.81713867188
1.81567382812
1.81494140625
