2.99926757812
2.99926757812
2.99926757812
2.99926757812
2.99926757812
2.99926757812
2.99926757812
2.99926757812
2.99926757812
2.99926757812
2.99926757812
2.99926757812
2.99926757812
2.99926757812
2.99926757812
2.99926757812
2.99926757812
2.99926757812
2.99926757812
2.99926757812
2.99926757812
2.99926757812
2.99926757812
2.99926757812
2.99926757812
2.99926757812
2.99926757812
2.99926757812
2.99926757812
2.99926757812
2.99926757812
2.99926757812
2.99926757812
2.99926757812
2.99926757812
2.99926757812
2.99926757812
2.99926757812
2.99926757812
2.99926757812
2.99926757812
2.99926757812
2.99926757812
2.99926757812
2.99926757812
2.99926757812
2.99926757812
2.99926757812
2.99926757812
2.99926757812
2.99926757812
2.99926757812
2.99926757812
2.99926757812
2.99926757812
2.99926757812
2.99926757812
2.99926757812
2.99926757812
2.99926757812
2.99926757812
2.99926757812
2.99926757812
2.99926757812
2.99926757812
2.99926757812
2.99926757812
2.99926757812
2.99926757812
2.99926757812
2.99926757812
2.99926757812
2.99926757812
2.99926757812
2.99926757812
2.99926757812
2.99926757812
2.99926757812
2.99926757812
2.99926757812
2.99926757812
2.99926757812
2.99926757812
2.99926757812
2.99926757812
2.99926757812
2.99926757812
2.99926757812
2.99926757812
2.99926757812
2.99926757812
2.99926757812
2.99926757812
2.99926757812
2.99926757812
2.99926757812
2.99926757812
2.99926757812
2.99926757812
2.99926757812
2.99926757812
2.99926757812
2.99926757812
2.99926757812
2.99926757812
2.99926757812
2.99926757812
2.99926757812
2.99926757812
2.99926757812
2.99926757812
2.99926757812
2.99926757812
2.99926757812
2.99926757812
2.99926757812
2.99926757812
2.99926757812
2.99926757812
2.99926757812
2.99926757812
2.99926757812
2.99926757812
2.99926757812
2.99926757812
2.99926757812
2.99926757812
2.99926757812
2.99926757812
2.99926757812
2.99926757812
2.99926757812
2.99926757812
2.99926757812
2.99926757812
2.99926757812
2.99926757812
2.99926757812
2.99926757812
2.99926757812
2.99926757812
2.99926757812
2.99926757812
2.99926757812
2.99926757812
2.99926757812
2.99926757812
2.99926757812
2.99926757812
2.99926757812
2.99926757812
2.99926757812
2.99926757812
2.99926757812
2.99926757812
2.99926757812
2.99926757812
2.99926757812
2.99926757812
2.99926757812
2.99926757812
2.99926757812
2.99926757812
2.99926757812
2.99926757812
2.99926757812
2.99926757812
2.99926757812
2.99926757812
2.99926757812
2.99926757812
2.99926757812
2.99926757812
2.99926757812
2.99926757812
2.99926757812
2.99926757812
2.99926757812
2.99926757812
2.99926757812
2.99926757812
2.99926757812
2.99926757812
2.99926757812
2.99926757812
2.99926757812
2.99926757812
2.99926757812
2.99926757812
2.99926757812
2.99926757812
2.99926757812
2.99926757812
2.99926757812
2.99926757812
2.99926757812
2.99926757812
2.99926757812
2.99926757812
2.99926757812
2.99926757812
2.701171875
2.40234375
2.26171875
2.28881835938
2.34814453125
2.83227539062
2.99926757812
2.99926757812
2.99926757812
2.99926757812
2.99926757812
2.99926757812
2.99926757812
2.99926757812
2.99926757812
2.99926757812
2.99926757812
2.99926757812
2.99926757812
2.99926757812
2.99926757812
2.99926757812
2.99926757812
2.99926757812
2.99926757812
2.99926757812
2.99926757812
2.99926757812
2.99926757812
2.99926757812
2.99926757812
2.99926757812
2.99926757812
2.99926757812
2.99926757812
2.99926757812
2.99926757812
2.99926757812
2.99926757812
2.99926757812
2.99926757812
2.99926757812
2.99926757812
2.99926757812
2.99926757812
2.99926757812
2.99926757812
2.99926757812
