1.42822265625
1.4296875
1.43115234375
1.4326171875
1.43481445312
1.43481445312
1.43334960938
1.43115234375
1.43115234375
1.4296875
1.43115234375
1.43188476562
1.4326171875
1.43041992188
1.43115234375
1.43115234375
1.4296875
1.4267578125
1.49487304688
1.43115234375
1.4296875
1.43041992188
1.43041992188
1.43041992188
1.4296875
1.42895507812
1.4267578125
1.42602539062
1.42822265625
1.4296875
1.4296875
1.43041992188
1.43041992188
1.43041992188
1.43408203125
1.44067382812
1.4560546875
1.453125
1.45092773438
1.45092773438
1.44580078125
1.44506835938
1.44580078125
1.43701171875
1.43774414062
1.43115234375
1.4296875
1.43041992188
1.43115234375
1.4296875
1.4296875
1.44287109375
1.4443359375
1.44799804688
1.46044921875
1.49926757812
1.45971679688
1.458984375
1.46923828125
1.47802734375
1.4765625
1.44580078125
1.43994140625
1.4267578125
1.42309570312
1.4267578125
1.42895507812
1.43041992188
1.43115234375
1.4326171875
1.43188476562
1.43188476562
1.43334960938
1.43334960938
1.43334960938
1.43334960938
1.43408203125
1.43408203125
1.43408203125
1.43408203125
1.43408203125
1.435546875
1.43481445312
1.435546875
1.435546875
1.435546875
1.435546875
1.435546875
1.43627929688
1.435546875
1.435546875
1.43408203125
1.43701171875
1.44213867188
1.435546875
1.43627929688
1.435546875
1.435546875
1.435546875
1.435546875
1.435546875
1.43627929688
1.43627929688
1.435546875
1.435546875
1.43627929688
1.435546875
1.435546875
1.435546875
1.43481445312
1.435546875
1.435546875
1.43627929688
1.435546875
1.43701171875
1.435546875
1.43481445312
1.435546875
1.435546875
1.435546875
1.435546875
1.435546875
1.43627929688
1.43627929688
1.435546875
1.435546875
1.435546875
1.43627929688
1.43627929688
1.43627929688
1.46118164062
1.435546875
1.43408203125
1.435546875
1.43481445312
1.43408203125
1.43408203125
1.43481445312
1.43481445312
1.43481445312
1.43481445312
1.435546875
1.43481445312
1.43481445312
1.43408203125
1.43481445312
1.43408203125
1.43408203125
1.43481445312
1.43481445312
1.43481445312
1.43481445312
1.43408203125
1.43408203125
1.43408203125
1.43334960938
1.43408203125
1.43481445312
1.43481445312
1.43481445312
1.43408203125
1.43408203125
1.4326171875
1.43334960938
1.43408203125
1.43481445312
1.43481445312
1.435546875
1.43408203125
1.43334960938
1.4326171875
1.4326171875
1.43188476562
1.4326171875
1.4326171875
1.43334960938
1.4326171875
1.43408203125
1.4326171875
1.4326171875
1.4326171875
1.4326171875
1.4326171875
1.43188476562
1.4326171875
1.43334960938
1.43188476562
1.4326171875
1.4326171875
1.43188476562
1.43115234375
1.43188476562
1.4326171875
1.43188476562
1.4326171875
1.4326171875
1.43334960938
1.4326171875
1.4326171875
1.4326171875
1.43188476562
1.4326171875
1.4296875
1.46118164062
1.43334960938
1.43188476562
1.4326171875
1.43115234375
1.43115234375
1.43188476562
1.43188476562
1.43188476562
1.43115234375
1.43115234375
1.43041992188
1.4326171875
1.43115234375
1.43188476562
1.43115234375
1.4296875
1.43041992188
1.43041992188
1.43041992188
1.43041992188
1.43115234375
1.43041992188
1.43115234375
1.43041992188
1.43041992188
1.4296875
1.43041992188
1.4296875
1.43041992188
1.43041992188
1.43188476562
1.43115234375
1.43115234375
1.43115234375
1.43041992188
1.42822265625
1.49853515625
1.43115234375
1.4296875
1.4296875
1.4296875
1.43041992188
1.4296875
1.4296875
1.4296875
1.42895507812
1.42822265625
1.42822265625
1.4296875
1.4296875
1.42895507812
1.4296875
1.4296875
1.4296875
1.42895507812
1.42895507812
1.42822265625
1.42895507812
1.42895507812
1.4296875
1.42895507812
1.4296875
1.42895507812
1.42822265625
1.42749023438
1.42822265625
1.42749023438
1.42895507812
1.4296875
1.42895507812
1.4296875
1.43041992188
1.42749023438
1.47216796875
1.4296875
1.42822265625
1.42749023438
1.42749023438
1.42749023438
1.42822265625
1.42895507812
1.42822265625
1.42749023438
1.42749023438
1.4267578125
1.4267578125
1.42749023438
1.42749023438
1.42749023438
1.42822265625
1.42822265625
1.42822265625
1.4267578125
1.4267578125
1.4267578125
1.4267578125
1.42602539062
1.42749023438
1.42749023438
1.42749023438
1.42822265625
1.42822265625
1.42822265625
1.4267578125
1.42602539062
1.4267578125
1.4267578125
1.42822265625
1.42822265625
1.42602539062
1.4677734375
1.4296875
1.42602539062
1.42602539062
1.42529296875
1.42529296875
1.4267578125
1.42456054688
1.42602539062
1.42602539062
1.42602539062
1.42602539062
1.42529296875
1.42529296875
1.42456054688
1.42456054688
1.42529296875
1.42529296875
1.42602539062
1.42529296875
1.42602539062
1.42529296875
1.42456054688
1.42529296875
1.42456054688
1.42456054688
1.42456054688
1.42456054688
1.42529296875
1.42529296875
1.42456054688
1.42529296875
1.423828125
1.423828125
1.42456054688
1.42529296875
1.42309570312
1.45385742188
1.4267578125
1.42529296875
1.423828125
1.423828125
1.42309570312
1.42309570312
1.423828125
1.42309570312
1.423828125
1.42456054688
1.423828125
1.423828125
1.42309570312
1.42309570312
1.423828125
1.42309570312
1.42309570312
1.423828125
1.42456054688
1.42456054688
1.423828125
1.423828125
1.42309570312
1.42309570312
1.42236328125
1.42236328125
1.42236328125
1.42309570312
1.423828125
1.423828125
1.423828125
1.42309570312
1.42236328125
1.42163085938
1.42309570312
1.42309570312
1.42309570312
1.43627929688
1.42236328125
1.42163085938
1.42309570312
1.42163085938
1.42163085938
1.42163085938
1.4208984375
1.4208984375
1.4208984375
1.42236328125
1.42236328125
1.42236328125
1.42163085938
1.4208984375
1.4208984375
1.4208984375
1.4208984375
1.42163085938
1.4208984375
1.42163085938
1.42236328125
1.42236328125
1.42163085938
1.42163085938
1.4208984375
1.42163085938
1.4208984375
1.42163085938
1.42236328125
1.42236328125
1.42236328125
1.42236328125
1.42163085938
1.42163085938
1.42236328125
1.42163085938
1.43701171875
1.41943359375
1.4208984375
1.4208984375
1.4208984375
1.4208984375
1.42016601562
1.42016601562
1.42016601562
1.41943359375
1.42016601562
1.4208984375
1.41943359375
1.42163085938
1.42016601562
1.4208984375
1.42016601562
1.41943359375
1.41943359375
1.41943359375
1.42016601562
1.42016601562
1.41943359375
1.42016601562
1.42016601562
1.41943359375
1.42016601562
1.41943359375
1.41943359375
1.41943359375
1.41723632812
1.41796875
1.41796875
1.41796875
1.41796875
1.41357421875
1.43920898438
1.41357421875
1.40478515625
1.40185546875
1.40771484375
1.4091796875
1.4091796875
1.40991210938
1.40991210938
1.4091796875
1.40991210938
1.41064453125
1.412109375
1.412109375
1.41284179688
1.412109375
1.412109375
1.4091796875
1.41064453125
1.41137695312
1.412109375
1.412109375
1.41357421875
1.41284179688
1.41284179688
1.41284179688
1.41137695312
1.412109375
1.412109375
1.41284179688
1.41357421875
1.41284179688
1.41357421875
1.41284179688
1.412109375
1.41357421875
1.41064453125
1.47583007812
1.412109375
1.412109375
1.41284179688
1.41284179688
1.41284179688
1.41137695312
1.41137695312
1.41137695312
1.412109375
1.41137695312
1.412109375
1.41284179688
1.412109375
1.41137695312
1.41064453125
1.41064453125
1.41064453125
1.412109375
1.412109375
1.41284179688
1.41137695312
1.412109375
1.41064453125
1.41064453125
1.41064453125
1.41137695312
1.412109375
1.412109375
1.412109375
1.412109375
1.41064453125
1.41137695312
1.41064453125
1.41137695312
1.40991210938
1.44580078125
1.41430664062
1.41137695312
1.41064453125
1.41064453125
1.40991210938
1.40991210938
1.41137695312
1.412109375
1.412109375
1.41137695312
1.41064453125
1.41064453125
1.41064453125
1.41064453125
1.41137695312
1.41064453125
1.41137695312
1.41064453125
1.41137695312
1.40991210938
1.41064453125
1.4091796875
1.41064453125
1.41064453125
1.41137695312
1.41137695312
1.40991210938
1.41064453125
1.40991210938
1.40991210938
1.41064453125
1.41064453125
1.41064453125
1.41137695312
1.41284179688
1.40991210938
1.44873046875
1.41064453125
1.4091796875
1.4091796875
1.40991210938
1.41064453125
1.41064453125
1.40991210938
1.40991210938
1.40844726562
1.40991210938
1.4091796875
1.4091796875
1.41064453125
1.4091796875
1.41064453125
1.4091796875
1.4091796875
1.4091796875
1.4091796875
1.4091796875
1.4091796875
1.40991210938
1.40991210938
1.40991210938
1.4091796875
1.4091796875
1.40844726562
1.4091796875
1.4091796875
1.41064453125
1.41064453125
1.40991210938
1.4091796875
1.4091796875
1.4091796875
1.40698242188
1.43920898438
1.41064453125
1.40991210938
1.4091796875
1.4091796875
1.40844726562
1.40771484375
1.40844726562
1.40844726562
1.4091796875
1.40991210938
1.40991210938
1.4091796875
1.40844726562
1.40844726562
1.40771484375
1.40844726562
1.40844726562
1.40844726562
1.40991210938
1.40844726562
1.4091796875
1.4091796875
1.40771484375
1.40771484375
1.40844726562
1.40844726562
1.40991210938
1.40844726562
1.4091796875
1.40844726562
1.40771484375
1.40698242188
1.40844726562
1.4091796875
1.4091796875
1.41137695312
1.4091796875
1.42602539062
1.40771484375
1.40771484375
1.40698242188
1.40771484375
1.40771484375
1.40844726562
1.40844726562
1.40844726562
1.40844726562
1.40698242188
1.40698242188
1.40698242188
1.40771484375
1.40844726562
1.40771484375
1.40844726562
1.40698242188
1.40698242188
1.40771484375
1.40698242188
1.40771484375
1.40844726562
1.40844726562
1.40771484375
1.40771484375
1.40625
1.40698242188
1.40698242188
1.40698242188
1.4091796875
1.40771484375
1.40771484375
1.40698242188
1.40771484375
1.40844726562
1.40844726562
1.42749023438
1.40698242188
1.40698242188
1.40625
1.40625
1.40478515625
1.40478515625
1.40698242188
1.40625
1.40771484375
1.40698242188
1.40625
1.40551757812
1.40551757812
1.40625
1.40625
1.40771484375
1.40698242188
1.40698242188
1.40625
1.40551757812
1.40625
1.40478515625
1.40551757812
1.40698242188
1.40698242188
1.40698242188
1.40625
1.40625
1.40478515625
1.40625
1.40698242188
1.40698242188
1.40698242188
1.40698242188
1.40698242188
1.40551757812
1.423828125
1.40478515625
1.40478515625
1.40698242188
1.40625
1.40551757812
1.40478515625
1.40405273438
1.40405273438
1.40478515625
1.40625
1.40478515625
1.40551757812
1.40405273438
1.4033203125
1.4033203125
1.40405273438
1.40478515625
1.40478515625
1.40625
1.40478515625
1.40405273438
1.4033203125
1.4033203125
1.40478515625
1.40478515625
1.40478515625
1.40478515625
1.40405273438
1.40405273438
1.40405273438
1.40405273438
1.40478515625
1.40625
1.40625
1.40625
1.4033203125
1.43041992188
1.40258789062
1.4033203125
1.4033203125
1.40405273438
1.40551757812
1.40405273438
1.4033203125
1.4033203125
1.4033203125
1.40258789062
1.40258789062
1.4033203125
1.40405273438
1.4033203125
1.4033203125
1.4033203125
1.40258789062
1.40258789062
1.40258789062
1.4033203125
1.4033203125
1.40405273438
1.4033203125
1.40185546875
1.40185546875
1.40258789062
1.40258789062
1.4033203125
1.4033203125
1.4033203125
1.4033203125
1.40185546875
1.40185546875
1.40258789062
1.40478515625
1.40405273438
1.42236328125
1.40258789062
1.40258789062
1.40185546875
1.40185546875
1.40185546875
1.40185546875
1.40258789062
1.40258789062
1.40258789062
1.40185546875
1.40112304688
1.400390625
1.40112304688
1.40112304688
1.40258789062
1.40258789062
1.40258789062
1.40258789062
1.40112304688
1.400390625
1.400390625
1.400390625
1.400390625
1.40112304688
1.400390625
1.400390625
1.400390625
1.39965820312
1.39965820312
1.39965820312
1.400390625
1.40112304688
1.40185546875
1.40112304688
1.400390625
1.39892578125
1.42163085938
1.39965820312
1.39965820312
1.400390625
1.400390625
1.39965820312
1.400390625
1.39892578125
1.39819335938
1.39892578125
1.39892578125
1.400390625
1.39965820312
1.400390625
1.39892578125
1.39892578125
1.39892578125
1.39965820312
1.39892578125
1.400390625
1.400390625
1.39965820312
1.39892578125
1.39892578125
1.39819335938
1.39892578125
1.39892578125
1.39965820312
1.39965820312
1.39965820312
1.39892578125
1.39892578125
1.39892578125
1.39965820312
1.39965820312
1.40112304688
1.400390625
1.43115234375
1.39892578125
1.39892578125
1.3974609375
1.39892578125
1.39965820312
1.39892578125
1.39965820312
1.39965820312
1.39892578125
1.39892578125
1.39819335938
1.39819335938
1.39892578125
1.39892578125
1.39965820312
1.39892578125
1.39892578125
1.39819335938
1.39819335938
1.3974609375
1.39819335938
1.39892578125
1.39892578125
1.39819335938
1.39965820312
1.39819335938
1.39672851562
1.39819335938
1.39819335938
1.39819335938
1.39892578125
1.39819335938
1.39819335938
1.3974609375
1.39672851562
1.39892578125
1.41357421875
1.39819335938
1.39819335938
1.3974609375
1.3974609375
1.39819335938
1.3974609375
1.39819335938
1.39819335938
1.39819335938
1.3974609375
1.39819335938
1.3974609375
1.39819335938
1.39892578125
1.39892578125
1.39892578125
1.39819335938
1.39672851562
1.39819335938
1.3974609375
1.39819335938
1.39892578125
1.39892578125
1.39819335938
1.3974609375
1.39819335938
1.39819335938
1.39819335938
1.39892578125
1.39892578125
1.39892578125
1.39892578125
1.39819335938
1.39819335938
1.39965820312
1.39965820312
1.42456054688
1.39819335938
1.3974609375
1.3974609375
1.3974609375
1.3974609375
1.39819335938
1.39819335938
1.39819335938
1.39819335938
1.3974609375
1.39672851562
1.39819335938
1.3974609375
1.39819335938
1.39819335938
1.39892578125
1.3974609375
1.3974609375
1.39819335938
1.39819335938
1.39819335938
1.39819335938
1.39892578125
1.3974609375
1.39819335938
1.3974609375
1.3974609375
1.39819335938
1.39819335938
1.39819335938
1.39892578125
1.3974609375
1.39819335938
1.3974609375
1.39819335938
1.39892578125
1.41650390625
1.39819335938
1.3974609375
1.39672851562
1.3974609375
1.3974609375
1.3974609375
1.3974609375
1.3974609375
1.3974609375
1.39672851562
1.39672851562
1.39672851562
1.3974609375
1.39819335938
1.39819335938
1.39672851562
1.3974609375
1.39599609375
1.39672851562
1.3974609375
1.39672851562
1.3974609375
1.3974609375
1.3974609375
1.39672851562
1.39672851562
1.3974609375
1.39599609375
1.39819335938
1.3974609375
1.3974609375
1.39672851562
1.3974609375
1.39819335938
1.39599609375
1.42895507812
1.39965820312
1.39599609375
1.39599609375
1.39526367188
1.39672851562
1.3974609375
1.39819335938
1.39672851562
1.3974609375
1.39599609375
1.39599609375
1.39599609375
1.39672851562
1.39672851562
1.3974609375
1.39672851562
1.39672851562
1.39599609375
1.39599609375
1.3974609375
1.39672851562
1.39672851562
1.3974609375
1.39599609375
1.39599609375
1.39599609375
1.39672851562
1.3974609375
1.39672851562
1.3974609375
1.39672851562
1.39599609375
1.39672851562
1.3974609375
1.39819335938
1.39599609375
1.44873046875
1.3974609375
1.39526367188
1.39599609375
1.39672851562
1.39672851562
1.39672851562
1.39599609375
1.39599609375
1.39599609375
1.39599609375
1.39672851562
1.39819335938
1.39672851562
1.39672851562
1.39599609375
1.39599609375
1.3974609375
1.39672851562
1.39672851562
1.3974609375
1.39672851562
1.39599609375
1.39526367188
1.39599609375
1.39672851562
1.39599609375
1.3974609375
1.39599609375
1.39599609375
1.39672851562
1.3974609375
1.39672851562
1.3974609375
1.3974609375
1.39672851562
1.39453125
1.42456054688
1.39672851562
1.39599609375
1.39672851562
1.39526367188
1.39672851562
1.39599609375
1.39453125
1.39599609375
1.39672851562
1.39672851562
1.39672851562
1.39599609375
1.39526367188
1.39526367188
1.39526367188
1.39672851562
1.39599609375
1.39599609375
1.39599609375
1.39526367188
1.39599609375
1.39526367188
1.39672851562
1.39599609375
1.39599609375
1.39672851562
1.39526367188
1.39526367188
1.39526367188
1.39599609375
1.39672851562
1.39672851562
1.39599609375
1.39599609375
1.39599609375
1.39672851562
1.39672851562
1.42016601562
1.39599609375
1.39599609375
1.39526367188
1.39453125
1.39453125
1.39453125
1.39526367188
1.39599609375
1.39599609375
1.39526367188
1.39453125
1.39453125
1.39526367188
1.39599609375
1.39672851562
1.39599609375
1.39453125
1.39526367188
1.39526367188
1.39526367188
1.39599609375
1.39599609375
1.39453125
1.39453125
1.39379882812
1.39306640625
1.39306640625
1.39306640625
1.39379882812
1.39453125
1.39306640625
1.39453125
1.3916015625
1.39306640625
1.39453125
1.39233398438
1.43041992188
1.39306640625
1.39233398438
1.39233398438
1.39086914062
1.3916015625
1.39306640625
1.39306640625
1.39306640625
1.39233398438
1.39233398438
1.39086914062
1.3916015625
1.39306640625
1.39453125
1.39306640625
1.39306640625
1.3916015625
1.3916015625
1.3916015625
1.39233398438
1.39306640625
1.39306640625
1.39379882812
1.39233398438
1.39233398438
1.39086914062
1.39233398438
1.39233398438
1.39379882812
1.39306640625
1.39306640625
1.39233398438
1.39233398438
1.39233398438
1.39013671875
1.39379882812
1.40625
1.39233398438
1.39086914062
1.39013671875
1.39086914062
1.39086914062
1.39233398438
1.39233398438
1.39306640625
1.3916015625
1.39086914062
1.39086914062
1.39233398438
1.3916015625
1.39306640625
1.39306640625
1.39086914062
1.39086914062
1.3916015625
1.39086914062
1.3916015625
1.3916015625
1.39233398438
1.39233398438
1.3916015625
1.39086914062
1.3916015625
1.39086914062
1.3916015625
1.39233398438
1.39233398438
1.39233398438
1.3916015625
1.3916015625
1.39233398438
1.38940429688
1.41943359375
1.39379882812
1.39086914062
1.3916015625
1.39086914062
1.39086914062
1.39086914062
1.3916015625
1.3916015625
1.3916015625
1.3916015625
1.39086914062
1.39086914062
1.39086914062
1.3916015625
1.39086914062
1.3916015625
1.3916015625
1.3916015625
1.39086914062
1.39013671875
1.39013671875
1.39086914062
1.3916015625
1.39233398438
1.3916015625
1.3916015625
1.39013671875
1.39013671875
1.39086914062
1.39086914062
1.3916015625
1.39233398438
1.39233398438
1.3916015625
1.3916015625
1.38940429688
1.41650390625
1.39233398438
1.3916015625
1.3916015625
1.3916015625
1.39086914062
1.39013671875
1.38940429688
1.39013671875
1.39086914062
1.39086914062
1.3916015625
1.3916015625
1.39013671875
1.38940429688
1.39013671875
1.39013671875
1.39086914062
1.3916015625
1.39086914062
1.39086914062
1.39013671875
1.39013671875
1.38940429688
1.39013671875
1.3916015625
1.3916015625
1.39086914062
1.39086914062
1.39013671875
1.38940429688
1.39013671875
1.39086914062
1.3916015625
1.3916015625
1.39233398438
1.388671875
1.41137695312
1.39086914062
1.38940429688
1.39013671875
1.39086914062
1.3916015625
1.39086914062
1.38940429688
1.39013671875
1.38940429688
1.39013671875
1.39086914062
1.39086914062
1.39086914062
1.39086914062
1.39013671875
1.38940429688
1.39013671875
1.38940429688
1.39013671875
1.3916015625
1.39086914062
1.3916015625
1.38940429688
1.38940429688
1.39013671875
1.39086914062
1.39086914062
1.3916015625
1.39306640625
1.39013671875
1.39013671875
1.39013671875
1.39013671875
1.38940429688
1.39086914062
1.3916015625
1.3916015625
1.40771484375
1.388671875
1.39086914062
1.39233398438
1.39453125
1.39453125
1.39086914062
1.39306640625
1.3916015625
1.388671875
1.38940429688
1.388671875
1.38940429688
1.38940429688
1.39013671875
1.34692382812
1.2392578125
1.28466796875
1.30151367188
1.30810546875
1.3154296875
1.318359375
1.32275390625
1.3271484375
1.32934570312
1.33081054688
1.3330078125
1.33447265625
1.33666992188
1.33813476562
1.33959960938
1.341796875
1.34252929688
1.34326171875
1.34399414062
1.34545898438
1.34545898438
1.365234375
1.34692382812
1.34765625
1.34912109375
1.34912109375
1.34838867188
1.34912109375
1.34985351562
1.3505859375
1.35131835938
1.35278320312
1.35205078125
1.35278320312
1.35278320312
1.35278320312
1.35278320312
1.353515625
1.35498046875
1.35498046875
1.35571289062
1.35498046875
1.35571289062
1.35571289062
1.35571289062
1.35717773438
1.35864257812
1.359375
1.35717773438
1.35717773438
1.35791015625
1.35717773438
1.359375
1.36010742188
1.36010742188
1.36010742188
1.36083984375
1.359375
1.38134765625
1.359375
1.36010742188
1.359375
1.36083984375
1.36083984375
1.36083984375
1.36083984375
1.36010742188
1.36083984375
1.36083984375
1.36303710938
1.3623046875
1.3623046875
1.36157226562
1.3623046875
1.36303710938
1.3623046875
1.36376953125
1.36376953125
1.36376953125
1.36376953125
1.36303710938
1.36303710938
1.36376953125
1.36450195312
1.36450195312
1.36376953125
1.36450195312
1.365234375
1.36450195312
1.36450195312
1.365234375
1.36596679688
1.36669921875
1.36669921875
1.36596679688
1.38134765625
1.36450195312
1.36596679688
1.36596679688
1.36743164062
1.36669921875
1.36596679688
1.36596679688
1.36596679688
1.36669921875
1.36743164062
1.36743164062
1.36743164062
1.3681640625
1.36669921875
1.36669921875
1.36669921875
1.36743164062
1.3681640625
1.36889648438
1.3681640625
1.3681640625
1.36743164062
1.36743164062
1.36889648438
1.36962890625
1.36889648438
1.36962890625
1.36889648438
1.36962890625
1.36889648438
1.36889648438
1.36962890625
1.37036132812
1.37036132812
1.37109375
1.36962890625
1.38793945312
1.36962890625
1.37036132812
1.37036132812
1.36962890625
1.36889648438
1.36889648438
1.36889648438
1.37622070312
1.37915039062
1.37768554688
1.37622070312
1.37768554688
1.37841796875
1.37841796875
1.37915039062
1.37915039062
1.3798828125
1.37915039062
1.37915039062
1.37841796875
1.37109375
1.37036132812
1.37255859375
1.3740234375
1.37475585938
1.37255859375
1.37329101562
1.37548828125
1.37548828125
1.37622070312
1.376953125
1.37329101562
1.37329101562
1.37255859375
1.36962890625
1.412109375
1.37841796875
1.376953125
1.37622070312
1.37622070312
1.37548828125
1.37622070312
1.37768554688
1.37768554688
1.37768554688
1.37915039062
1.37768554688
1.37622070312
1.3740234375
1.37475585938
1.37622070312
1.37622070312
1.37768554688
1.37622070312
1.37622070312
1.37622070312
1.376953125
1.37841796875
1.37841796875
1.37768554688
1.37841796875
1.376953125
1.37475585938
1.376953125
1.37768554688
1.37768554688
1.376953125
1.37768554688
1.376953125
1.376953125
1.37475585938
1.37109375
1.43334960938
1.37622070312
1.376953125
1.37622070312
1.376953125
1.37768554688
1.37475585938
1.37548828125
1.376953125
1.37475585938
1.37475585938
1.37475585938
1.37548828125
1.37622070312
1.376953125
1.37548828125
1.37548828125
1.37622070312
1.37768554688
1.3740234375
1.3740234375
1.37475585938
1.37548828125
1.376953125
1.37548828125
1.37622070312
1.37768554688
1.37841796875
1.37841796875
1.37768554688
1.37915039062
1.37768554688
1.37841796875
1.37768554688
1.37768554688
1.37841796875
1.376953125
1.412109375
1.37768554688
1.37622070312
1.376953125
1.376953125
1.37622070312
1.376953125
1.37622070312
1.37622070312
1.376953125
1.37841796875
1.37915039062
1.3798828125
1.37915039062
1.37915039062
1.37915039062
1.37915039062
1.3798828125
1.3798828125
1.38208007812
1.38208007812
1.38134765625
1.38061523438
1.37915039062
1.38061523438
1.38061523438
1.38208007812
1.38134765625
1.38134765625
1.38134765625
1.3798828125
1.37841796875
1.3798828125
1.38061523438
1.3798828125
1.38061523438
1.37768554688
1.40625
1.38134765625
1.3798828125
1.38061523438
1.3798828125
1.3798828125
1.38061523438
1.37915039062
1.3798828125
1.38061523438
1.38134765625
1.3798828125
1.38061523438
1.37915039062
1.37915039062
1.38061523438
1.38061523438
1.38061523438
1.38134765625
1.38061523438
1.3798828125
1.38134765625
1.38134765625
1.38208007812
1.3828125
1.38208007812
1.38134765625
1.38208007812
1.38208007812
1.38208007812
1.38208007812
1.3828125
1.38208007812
1.3828125
1.38208007812
1.3828125
1.38134765625
1.41943359375
1.38427734375
1.38208007812
1.38208007812
1.38208007812
1.38134765625
1.38208007812
1.3828125
1.3828125
1.3828125
1.38208007812
1.3828125
1.3828125
1.3828125
1.38354492188
1.38354492188
1.3828125
1.3828125
1.3828125
1.38354492188
1.38427734375
1.38500976562
1.3857421875
1.38427734375
1.38354492188
1.38427734375
1.38500976562
1.38500976562
1.38500976562
1.38500976562
1.3857421875
1.3857421875
1.3857421875
1.3857421875
1.3857421875
1.3857421875
1.38720703125
1.38647460938
1.40551757812
1.3857421875
1.38500976562
1.38427734375
1.38500976562
1.3857421875
1.3857421875
1.3857421875
1.3857421875
1.3857421875
1.38500976562
1.38354492188
1.3828125
1.38427734375
1.3857421875
1.3857421875
1.3857421875
1.38427734375
1.38500976562
1.38500976562
1.3857421875
1.3857421875
1.38500976562
1.38500976562
1.38500976562
1.3857421875
1.3857421875
1.38647460938
1.38647460938
1.3857421875
1.3857421875
1.3857421875
1.38647460938
1.38720703125
1.38720703125
1.38500976562
1.40478515625
1.38793945312
1.38647460938
1.3857421875
1.38647460938
1.3857421875
1.38647460938
1.38647460938
1.38647460938
1.3857421875
1.38647460938
1.38647460938
1.3857421875
1.3857421875
1.38647460938
1.38647460938
1.38647460938
1.38647460938
1.38647460938
1.38647460938
1.38720703125
1.38647460938
1.38793945312
1.38647460938
1.3857421875
1.38720703125
1.38647460938
1.38720703125
1.38720703125
1.38720703125
1.38720703125
1.38720703125
1.38720703125
1.38720703125
1.38793945312
1.38720703125
1.38427734375
1.41577148438
1.38647460938
1.38427734375
1.38427734375
1.38500976562
1.38647460938
1.38647460938
1.38720703125
1.38500976562
1.3857421875
1.3857421875
1.38500976562
1.3857421875
1.3857421875
1.3857421875
1.38500976562
1.38427734375
1.38354492188
1.38354492188
1.38427734375
1.38354492188
1.38354492188
1.38500976562
1.38500976562
1.38500976562
1.3857421875
1.38500976562
1.3857421875
1.3857421875
1.3857421875
1.3857421875
1.3857421875
1.3857421875
1.38500976562
1.3857421875
1.38647460938
1.38427734375
1.41650390625
1.38647460938
1.38500976562
1.38500976562
1.38647460938
1.38720703125
1.3857421875
1.38500976562
1.3857421875
1.3857421875
1.3857421875
1.3857421875
1.3857421875
1.38720703125
1.3857421875
1.3857421875
1.3857421875
1.38500976562
1.38500976562
1.3857421875
1.3857421875
1.38647460938
1.38647460938
1.3857421875
1.38647460938
1.38647460938
1.38647460938
1.38720703125
1.38647460938
1.38647460938
1.38647460938
1.38720703125
1.38720703125
1.38720703125
1.38793945312
1.38793945312
1.3857421875
1.42309570312
1.388671875
1.38647460938
1.38647460938
