1.4677734375
1.4677734375
1.4677734375
1.48901367188
1.4677734375
1.4677734375
1.46630859375
1.4677734375
1.46557617188
1.46630859375
1.46484375
1.46630859375
1.46630859375
1.46557617188
1.46557617188
1.46557617188
1.46484375
1.46484375
1.46630859375
1.46630859375
1.70141601562
1.52490234375
1.47143554688
1.46484375
1.46337890625
1.4619140625
1.46411132812
1.46118164062
1.46044921875
1.4736328125
1.46044921875
1.46337890625
1.49853515625
1.4677734375
1.46411132812
1.46264648438
1.95336914062
2.0595703125
1.51098632812
1.48168945312
1.47802734375
1.47143554688
1.470703125
1.470703125
1.470703125
1.470703125
1.46337890625
1.45751953125
1.45532226562
1.45385742188
1.4560546875
1.45458984375
1.45678710938
1.45751953125
1.45751953125
1.47509765625
1.45825195312
1.45825195312
1.45751953125
1.458984375
1.45825195312
1.45751953125
1.45532226562
1.45971679688
1.46484375
1.4619140625
1.46118164062
1.46118164062
1.4619140625
1.4619140625
1.46118164062
1.46118164062
1.46044921875
1.4619140625
1.46264648438
1.46264648438
1.4619140625
1.4619140625
1.46264648438
1.46264648438
1.4619140625
1.50366210938
1.46264648438
1.4619140625
1.4619140625
1.46337890625
1.46118164062
1.4619140625
1.46118164062
1.4619140625
1.46118164062
1.46118164062
1.46118164062
1.46264648438
1.46118164062
1.453125
1.45532226562
1.45385742188
1.45458984375
1.44946289062
1.44799804688
1.44653320312
1.44653320312
1.44653320312
1.447265625
1.44653320312
1.44653320312
1.4912109375
1.44653320312
1.447265625
1.44580078125
1.447265625
1.44506835938
1.44653320312
1.44653320312
1.44653320312
1.44580078125
1.44653320312
1.45678710938
1.45678710938
1.44946289062
1.44873046875
1.453125
1.45239257812
1.45751953125
1.45971679688
1.45971679688
1.4443359375
1.44140625
1.44140625
1.44213867188
1.44213867188
1.44287109375
1.44360351562
1.44213867188
1.44213867188
1.44140625
1.44580078125
1.44873046875
1.4501953125
1.447265625
1.44213867188
1.44067382812
1.44140625
1.46044921875
1.44213867188
1.44287109375
1.44213867188
1.44360351562
1.44360351562
1.44213867188
1.44287109375
1.4443359375
1.44360351562
1.44360351562
1.44360351562
1.44506835938
1.4443359375
1.44506835938
1.44506835938
1.44360351562
1.44140625
1.44213867188
1.44287109375
1.44213867188
1.44213867188
1.44287109375
1.4443359375
1.44360351562
1.4443359375
1.4970703125
1.4443359375
1.4443359375
1.44360351562
1.44653320312
1.44580078125
1.44506835938
1.45458984375
1.46264648438
1.46264648438
1.46264648438
1.46630859375
1.46264648438
1.46337890625
1.46264648438
1.46337890625
1.63110351562
1.97973632812
2.02587890625
2.04418945312
2.05224609375
2.05883789062
2.06762695312
1.83764648438
1.88745117188
2.04638671875
2.0712890625
2.07568359375
2.07861328125
2.0830078125
2.08740234375
2.0888671875
2.09033203125
2.091796875
2.09545898438
2.09765625
2.09765625
2.11596679688
2.10205078125
2.10205078125
2.10278320312
2.10571289062
2.10498046875
2.103515625
2.10424804688
2.1064453125
2.10571289062
2.10791015625
2.10791015625
2.11083984375
2.10791015625
2.109375
2.06176757812
2.1064453125
2.11010742188
2.11157226562
2.115234375
2.08813476562
2.11010742188
2.11376953125
2.11596679688
2.11669921875
2.115234375
2.14526367188
2.11889648438
2.11889648438
2.11889648438
2.12109375
2.02954101562
2.05297851562
2.1064453125
2.11376953125
2.11596679688
