1.828125
1.82666015625
1.828125
1.82666015625
1.82739257812
1.82666015625
1.82885742188
1.82885742188
1.82666015625
1.82666015625
1.82958984375
1.82666015625
1.828125
1.83032226562
1.828125
1.828125
1.828125
1.82958984375
1.828125
1.828125
1.828125
1.82885742188
1.82958984375
1.82739257812
1.8515625
1.82885742188
1.82739257812
1.82666015625
1.82885742188
1.828125
1.82739257812
1.82666015625
1.82885742188
1.82666015625
1.82739257812
1.82666015625
1.828125
1.82739257812
1.828125
1.828125
1.82885742188
1.828125
1.82666015625
1.83032226562
1.828125
1.82739257812
1.82666015625
1.82885742188
1.82739257812
1.828125
1.88305664062
1.828125
1.828125
1.82739257812
1.82958984375
1.82885742188
1.82666015625
1.82739257812
1.82958984375
1.828125
1.82739257812
1.833984375
1.82885742188
1.828125
1.828125
1.82739257812
1.828125
1.828125
1.828125
1.82885742188
1.82739257812
1.828125
1.82739257812
1.82885742188
1.828125
