1.8515625
1.79370117188
1.79443359375
1.79663085938
1.79443359375
1.7958984375
1.79443359375
1.79516601562
1.79443359375
1.79370117188
1.79736328125
1.79443359375
1.79443359375
1.79443359375
1.79370117188
1.79516601562
1.79443359375
1.79516601562
1.7958984375
1.79443359375
1.79443359375
1.79443359375
1.79443359375
1.79516601562
1.79370117188
1.8017578125
1.79443359375
1.79370117188
1.79443359375
1.79663085938
1.79516601562
1.79443359375
1.79370117188
1.7958984375
1.79516601562
1.79443359375
1.79443359375
1.79516601562
1.79370117188
1.79443359375
1.79663085938
1.79443359375
1.79516601562
1.79516601562
1.79516601562
1.79443359375
1.79443359375
1.79516601562
1.79443359375
1.79370117188
1.79516601562
1.79443359375
1.79443359375
1.79443359375
1.79296875
1.79516601562
1.79516601562
1.79370117188
1.79443359375
1.79516601562
1.79516601562
1.79370117188
1.7958984375
1.79443359375
1.79443359375
1.79443359375
1.7958984375
1.79370117188
1.79443359375
1.79443359375
1.7958984375
1.79516601562
1.79443359375
1.81713867188
1.79516601562
1.79516601562
1.79370117188
1.7958984375
1.79443359375
