1.52856445312
1.52856445312
1.52856445312
1.52783203125
1.52856445312
1.529296875
1.529296875
1.52783203125
1.52856445312
1.52856445312
1.52856445312
1.55419921875
1.52856445312
1.08911132812
1.43408203125
1.19458007812
0.97412109375
1.1923828125
1.177734375
1.50805664062
0.936767578125
0.884765625
1.4208984375
1.60693359375
0.755126953125
0.677490234375
0.6708984375
0.67236328125
0.79833984375
1.4970703125
1.5263671875
1.52856445312
1.53076171875
0.84375
0.84228515625
0.873046875
0.892822265625
1.48974609375
1.5263671875
1.52856445312
1.52856445312
1.52856445312
1.529296875
1.53955078125
0.813720703125
