1.822265625
1.82153320312
1.82153320312
1.82299804688
1.822265625
1.822265625
1.822265625
1.82299804688
1.822265625
1.82153320312
1.82153320312
1.822265625
1.82153320312
1.82153320312
1.82373046875
1.822265625
1.82080078125
1.82080078125
1.82373046875
1.822265625
1.82299804688
1.822265625
1.82299804688
1.82153320312
1.822265625
1.82153320312
1.822265625
1.82153320312
1.822265625
1.82373046875
1.82299804688
1.82153320312
1.82153320312
1.822265625
1.82299804688
1.82153320312
1.89184570312
1.822265625
1.822265625
1.822265625
1.82373046875
1.822265625
1.822265625
1.822265625
1.82299804688
1.822265625
1.822265625
1.822265625
1.82373046875
1.822265625
1.822265625
1.82153320312
1.822265625
1.822265625
1.822265625
1.82373046875
1.82299804688
1.822265625
1.822265625
1.82299804688
1.822265625
1.82299804688
1.833984375
1.82299804688
1.82153320312
1.822265625
1.82446289062
1.82299804688
1.822265625
1.82153320312
1.822265625
1.82299804688
1.822265625
1.82299804688
1.82373046875
1.822265625
1.822265625
1.82446289062
1.82299804688
1.82299804688
1.822265625
1.82373046875
1.82299804688
1.82153320312
1.822265625
1.82299804688
1.82299804688
1.82153320312
1.822265625
1.82299804688
1.82299804688
1.822265625
1.82373046875
1.822265625
1.822265625
1.822265625
1.82299804688
1.82373046875
1.82299804688
1.87939453125
1.822265625
1.822265625
1.82299804688
1.8251953125
1.822265625
1.822265625
1.822265625
1.82373046875
1.82299804688
1.82299804688
1.82373046875
1.82373046875
1.822265625
1.822265625
1.82153320312
1.82299804688
1.822265625
1.822265625
1.82299804688
1.82299804688
1.82299804688
1.822265625
1.822265625
1.822265625
1.822265625
1.8251953125
1.82299804688
1.822265625
1.82299804688
1.82446289062
1.82299804688
1.822265625
1.82299804688
1.82446289062
1.82299804688
1.82299804688
1.84643554688
1.82299804688
1.822265625
1.82299804688
1.82373046875
1.82373046875
1.82080078125
1.822265625
1.82446289062
1.82299804688
1.822265625
1.82153320312
1.82299804688
1.82373046875
1.82299804688
1.82299804688
1.82299804688
1.822265625
1.67358398438
1.5908203125
1.60400390625
1.57104492188
1.54248046875
1.53515625
1.5263671875
